13366867
17831960
28630441
24359795
8542570
18393422
25503996
16358054
11796204
13860491
4620880
26638784
26723096
9892530
21101583
5702963
15201613
23437805
7985788
19908217
1763393
474880
25138197
29850204
19922546
5610355
22558469
14971698
24899783
27119581
4755985
22504200
24157904
12066775
9297455
29292788
3573973
1923368
17344666
12035350
13941739
20223926
25702809
14424451
12175754
8686028
10883638
6413751
24605146
10308453
18146165
7672202
15853111
11185265
19320156
17721508
5252055
2877792
16945423
9683895
28249960
13265082
9974905
5090335
9475047
3267716
26554431
8976039
28217526
12255726
9574081
27897702
10094781
13414264
10328089
9162522
10609569
7082849
22976381
9626157
2823266
1640604
4383258
20444721
15340611
2127584
16148264
5908479
26951117
17864218
26324225
6325975
22810095
7663845
8578721
22804819
14392452
2937615
22455134
11441568
9474088
20028605
9813635
560166
2926422
9805632
26825420
15481009
2776069
11731798
2717292
23128544
8727515
27060705
21091016
14882528
24978031
19736332
8237568
13461037
27665489
7503448
19140880
24110648
4934926
28519407
15773187
13556385
10020552
12448834
1490004
19621613
1953416
9257855
22030457
7504592
2032798
24847002
29525742
21901727
14481159
28370598
15746628
22191824
5742239
206637
1747554
27981444
20683190
2425035
14142116
9171078
7549789
1007452
4658594
22017242
13725118
20624030
19292922
27790186
6898100
25136978
7002813
1284352
20363518
14482645
2481888
16003840
28560285
1670161
28504634
19211940
16678337
3067919
9475062
1482410
6270842
3453849
27696684
29525649
15959474
24318448
19531578
27469408
21101483
9721108
2450858
16292741
1980216
18909350
12755965
9025584
14598056
16514381
7301763
8511296
1223312
16289886
10455487
3772444
2572156
29418495
1614424
9282752
26416422
27500302
15750015
16881535
11163218
26520681
29325722
20120491
9856648
24857110
22324871
11669947
8626844
17910345
27501163
24928235
26681852
26290307
23381127
12980760
13012317
14975057
7695696
20288597
10925447
20452294
15980887
25819713
22986765
29244244
3297510
11068
16583408
15530939
14715921
23979359
25781688
6957050
10993361
1898938
28038309
149024
16200493
13430556
27675569
17602196
14636458
23616618
239524
23887792
17165030
23243693
17186943
3132989
5383945
17461870
11216360
23100947
15230034
26682116
19016313
9789751
27368021
539027
24121907
15918931
19081372
18876296
21672343
28502376
3878950
25264204
10312099
24165629
3441563
14974892
17208186
27287541
24065779
5378794
3446871
10354535
24410935
1620345
8594017
1253321
12954810
17853326
28834981
6544224
25255269
29431593
14556491
25086525
4423884
21360449
9690200
6766109
4399115
20527356
5696768
29380836
21758408
27759644
27913525
29023818
25963755
23957807
29937987
27389244
9448767
26462987
21507519
27640915
534202
12522017
7217620
7088537
6415544
17159805
13711478
2262064
12826507
23808259
27591056
11661746
27348420
16406980
15014333
28808350
20956486
1051168
10030573
25495516
17106877
2758850
18271452
18817527
23993512
9955089
10570322
24027121
17117726
27744644
5878218
25285248
8119968
26759666
14775983
12699678
16833882
28526059
17985765
20924008
5733839
28980008
29494774
19090081
9145245
835222
6983056
12701617
28318313
16702907
13486691
3663905
3328873
24475277
10762331
6125986
14556322
15530142
5210741
23133279
2699566
587723
25429266
11026830
1252296
19939935
9243069
4593168
15457070
3030515
14235910
25246071
6565903
4327131
26162985
28068060
28532516
20505226
23838524
24247177
26754288
9269603
21765307
10166755
2911285
22892646
9979126
3471096
27674560
20838176
27844774
29678878
11189398
9554309
6640744
18439806
28254580
2796537
10306234
12600757
973212
15977964
17791858
12028864
22871679
13670038
10729187
17585504
14489429
27690015
543906
18576201
5333793
15582331
21439526
24919594
5908766
21158411
16038873
23679433
16782668
2552715
8873312
10924232
6074275
7812811
27456361
20950668
24669420
9943219
4033182
17555083
13309938
18813141
1676525
29813377
25348830
3329135
4210063
19483838
25592814
13215835
24118398
307148
6674478
15716219
9132758
16751901
18369672
12830378
8509421
29569730
26401433
4597141
26024229
3241208
12334589
20166187
12109700
724762
123364
21878624
28943509
27440975
2986486
2362680
17741140
6650577
22581685
7641171
19819962
17474736
10082479
10568833
21747562
10046384
14873981
14397996
29296030
27114468
2062823
19924037
16973463
5556853
17170101
18978109
17636356
6010043
10024032
26657183
1175830
20265286
17668754
24980704
26670212
6204853
12500153
10377108
15307357
23853294
19133522
23172718
22232467
27166057
13811202
10559613
24085902
16822876
14161220
25761625
10183238
6400153
7392840
24989942
11253796
14271131
10822829
2152018
9438982
4225182
29075351
27299157
10758342
14679111
2009227
6880014
21156943
15042540
16176133
4653878
13184784
16973032
822684
12726766
21918168
10368888
21675738
24657887
17271790
17888052
28618630
14013646
15396229
27092507
12794680
18565650
17424306
16208955
10400842
14101158
511422
29151861
2464033
16351654
13388754
5040461
21273524
8616234
25705784
19262148
25374818
29517810
20007785
17683284
4152062
11016309
16351736
20917792
8152335
6910517
28092533
23041595
18997860
4467002
11314876
26599900
10051977
10190994
13120920
13924151
3613624
2073216
23879077
10005818
28893916
5335570
3265394
4135335
8920468
17910524
8765993
525810
11958032
23615929
19331534
29139129
24953215
21080984
24591593
16769703
5711913
19449885
11645905
469291
17720133
29247795
25120923
8586780
2938381
6921985
13320727
11739861
14375068
1720027
8068251
9110855
27434074
5944284
18937488
13925328
16071090
24562486
13404738
2875849
26312726
26272617
18773862
10358432
28446941
12795912
5280299
27828832
14757149
9221080
8100631
20402051
24799628
18466070
15531934
18938648
29821986
2062287
14232409
9510486
12545054
20681146
757636
7158638
20407433
13085424
18601957
19153813
7771495
15612565
17730627
22072026
29082476
16992357
2820585
27972130
12145086
16179441
21667072
1955693
13548719
11392089
25840418
6642274
18094030
17630884
23998977
14883773
29223991
20269754
21193917
2964697
13821088
4856229
21414127
12212169
10872420
367603
26028376
29214832
14632514
26641521
28994916
5294900
16353423
565772
20650193
17952994
1057014
11858844
28838412
13322340
14378234
3062759
16395966
105969
2427762
6532984
21561728
4800345
247022
10152653
712744
20231548
12994305
7981385
7863481
22046119
17889136
834858
15494342
5548811
4490054
28676804
19226028
16658239
26698243
11418958
24905494
9321488
9846365
22001145
15394588
21563870
11361049
19082629
3827568
3375342
4331933
17152812
7708916
220903
8286217
12226565
18331696
941577
18167961
12972973
4943306
4306131
28244728
27499589
6160561
29730184
20392482
3116403
8300214
20936945
14152384
16484803
2574982
15238337
14753445
18406947
16643872
19822195
10092586
11941661
15468404
20632581
16000107
14918512
11804936
23743139
28052010
15345150
28520985
18548428
19387540
13988312
1537444
15531472
11800542
245431
6193868
11027046
1368765
6862365
11036010
2817337
6554501
6447871
3697789
21601842
4587202
21017557
16210403
18348107
15570537
4406534
22348648
24585043
11441071
6320946
22539101
6050710
19379416
22677392
12965144
5295849
11326617
1751930
29862024
14585606
15582498
28349684
6252530
12743229
3255032
797899
3325702
8274448
12467251
26582981
7383009
28500067
1491823
11147913
26079650
8416452
6348323
23179612
72579
11975849
21913855
11272411
10620470
20186816
14874066
25987453
19104245
10456050
12228748
10908783
3924319
8154029
8647478
22228887
28307483
5045606
1731505
23243514
19062356
19055822
15437545
11483426
23197726
1812906
3702875
21318245
13607595
15738119
13726080
361827
15001139
902062
608245
21465333
26204552
20287551
9528704
15763629
28841924
14630855
25184178
4952454
3588356
28366310
886878
26078070
4558532
27257903
21215085
20647839
17466616
15854314
24012907
23191678
1722614
26305250
22048671
4944240
17033014
2696595
13163755
28425883
15535603
18213241
12702157
22850611
5683473
18449852
10826521
9409725
13889955
13226281
7005314
21821498
14057680
16459013
16658377
3722069
17659446
8596668
22743216
6515016
1785569
29046768
4782875
744537
18855545
29942185
19761270
12562416
29751350
28660692
12245910
9902422
13882012
24051884
4427271
10587355
14976996
14585709
11451
17599793
6679339
25722634
6957629
26242800
12158896
11270492
7225867
4186603
16993719
28630093
18707295
4037863
14245939
2962321
7554107
24850890
22087793
24215021
26644779
18809022
9822173
18647234
20145333
27061127
25089972
4159017
21674168
7121244
22530928
22017968
19135058
20951943
21500453
19902468
6034314
26373676
6201464
6369315
899968
27929443
6328991
2063344
1353669
241444
4844663
25407160
22480221
27575051
21874891
26983161
26597673
19322230
17775516
24636170
28046329
15287837
23983791
17269026
17848340
25173463
16997541
7806668
1042669
26455676
17594745
5520588
822338
25471782
13074390
15358750
2899468
16400283
13784537
13787182
22627012
16111927
897157
9459542
10917532
13267245
28747952
14065294
19291674
19413274
14138540
4513219
23881292
7876481
16873102
3086556
9649393
24684453
23255496
8624712
6045265
25699710
21116204
25294580
9939463
6977628
11869236
28896255
27544180
2189251
14144748
12564330
9552450
3499313
26561654
7332591
22601490
15026051
22399232
13457335
17146883
9532768
20394525
11521321
624713
3275700
4699102
14718755
21762037
27238916
144574
15170414
19587926
745480
9830918
21237172
22124459
14857139
21918720
5747381
23603771
15066897
25134199
886042
29331207
1459420
19972070
14740718
48686
23533786
11470365
19366243
23295766
11931254
9267837
25261288
15127949
23755900
1463383
20009054
14848492
25534608
29440735
24617396
2493346
22559357
1163494
17493640
11660668
19499230
4453860
3128417
18094167
920400
11140221
13141989
16083437
6934673
14595897
8801299
10275367
6722874
11348729
17117099
24681543
950366
25050286
16602036
8272653
15944053
22281285
29680359
27702722
1316916
16404208
20035053
25959042
23256603
6690981
10070048
2052243
26758371
11665808
21349476
8518543
957741
8410335
12387219
13719832
1296376
18210550
11528827
936063
18652414
23640638
22423828
12078753
27418636
29456721
25808802
465406
21919541
12902883
2525287
11239181
16092800
2109480
4234688
17103878
15791923
4367721
23897868
17605265
5513803
9409806
23023155
26455386
11972801
9183777
2203195
26593517
27085943
8481584
2417482
1704954
23594734
13853801
12355866
28163943
19514621
23565152
1453483
1984150
8928567
3434588
19649210
24557592
1848351
7495972
20819034
26710644
6544694
18165908
3061679
5150200
25742699
22761940
18683643
20186774
8839444
6565357
25329152
23689965
29846076
26185390
29301444
20462359
26521069
17405420
13799034
23777091
9896596
15591585
6387204
8703238
28118700
11281176
10691893
13796370
20361471
4508663
5257110
24058109
21264037
28403597
9828244
9349890
19076171
14453232
12082009
9248874
5397868
14481591
12344589
11728087
14822430
24789799
20436682
29374597
19734767
14764359
19530430
16732646
14795690
14988426
7500029
18033109
6793065
14333176
5040299
1685720
19154578
12042497
20713734
7446316
7870796
6644502
26517065
29940172
18350580
8000173
26646371
16861644
16955040
12802306
18622649
24963911
19875900
2649164
29489279
8413930
28971410
352358
18292789
15328692
11163792
7782499
28420645
20078085
25567784
23014654
7834466
21243587
20983634
10217782
5740797
147252
8921315
3612085
14326794
25946643
24456162
17395635
14307677
29983413
23775044
18691578
7316462
11599619
5245706
29577000
20590621
4010046
21393027
22541513
1888732
2092336
19852716
23444157
29261456
19318915
29530527
29700300
19371191
18414167
16583846
21369252
3809007
27821311
14433162
8435456
3307464
4551912
11721823
28732996
12006090
28394660
20734212
12430677
15629040
12844674
20662212
27745400
18364658
19653761
22719431
14476528
17587292
27943427
10812680
16979056
434458
7234115
24018671
19384741
9064323
16979393
4800776
8806466
26200006
24946141
28405941
20802261
14385426
9139585
21025831
13619929
24650519
9021622
16673082
24816073
29137449
3267290
10834303
14794530
25147924
16891022
17444257
17039966
2428757
1082165
24999344
20795121
10690401
5163427
3312476
2544668
25407966
29095285
26590879
3183881
24772672
29509810
16326872
25674748
6305173
10124003
26256416
28318467
22948686
152852
28065483
11620795
1780327
5405628
8198119
20037527
12716432
26458530
18705586
10966513
18888719
3473804
22224924
21593587
10995870
29175010
25621344
3821194
21998003
9577359
12067798
11202658
8196594
29392225
19650878
8199097
14780428
5533435
2694715
19050494
5702950
14084667
8413486
12600999
6362693
9210571
24649118
28595492
27132553
7356095
7865192
2523955
14056580
27184812
16644749
16410250
20201949
10152976
11671831
7165273
10118249
21404073
397004
14206655
5476060
24163411
20095891
1469322
6680370
14473081
15693963
22046982
26972727
11634574
7721852
9952911
2969762
7145311
19660412
17326892
29236198
2040958
13154023
29391834
21507383
29931055
7833641
3304709
6757050
2087093
22866966
9025293
5085700
12445785
2479415
6778624
4995222
11928114
2667128
2125967
9187311
23954192
7732761
27854077
21885463
22578943
28108674
29150276
4123650
7251820
4679570
29907853
11214361
15064361
29454014
24964928
26085783
7190896
2168312
22540734
28918882
18183184
13029199
3373624
5812968
27740269
9790074
25363239
21302459
19728505
3777353
27274342
23630562
3687528
20757675
15740579
25324609
24624624
25944582
24192558
24751201
4685202
605356
4733848
22356843
14798472
8713219
18936272
26901371
9559490
29038462
2366589
3227872
8056286
19819977
7468379
16157721
21498937
29571370
17502320
16652761
13087707
19474717
26301834
17849631
27031979
9902784
10033541
10703289
27593005
16240137
2572577
12262855
10674132
22892613
23493390
1893352
13255917
8018487
11132300
15850089
8498148
16358951
7338456
7368811
20195939
15733965
28627827
26926087
29370772
9957766
2852369
8326112
28482278
26112917
4905058
18393700
29710015
28843009
28058619
18818359
27984742
12807467
25440106
18003762
8858940
28380620
28936538
13907092
26732625
8763742
22000848
2090490
14747523
23892329
10500312
6342824
11413746
11548751
20506047
26391721
11891981
8711927
25486973
23873517
23983515
20090508
229069
8676180
7178841
23371127
28960923
11849511
19813720
13644953
19850250
28989972
9020502
15994640
28393465
28397290
5343616
26430345
134357
27975896
29586690
21622159
7397014
3419315
27278216
28259396
3805909
14744079
3924558
1834229
14278837
27453492
1857557
25174261
6362792
5396306
21873918
19063370
19933052
18072311
24202563
3820553
19160987
20660398
18657719
24129612
5559191
8095225
4892730
28971646
2583912
2532077
23949529
25609012
7579075
20373199
6297908
7751054
19943997
4841481
2650142
9844088
9829871
15383410
22579587
13469623
16601675
18409720
27345315
25137446
1840373
4285167
17699455
2927847
307174
13836911
23675914
6985594
151406
23634047
12842148
10478397
6885041
15333944
23005085
16448346
7002853
18444660
4694371
946653
24387256
20466585
5821503
17956164
18289017
13976398
2625765
2723064
25732501
23409560
8526627
20803140
5031722
23615122
25989605
16795943
24311741
10538429
14146357
11361682
12646254
1368326
26958832
7309329
4991320
29872305
21048394
15024503
3059455
25794049
9408363
25811559
21934452
6151091
20924769
26042820
1056236
30598
2106708
20948584
12800306
14714722
14156831
15547559
4668967
18146823
21899102
20903934
9365003
6579492
1368718
5788624
13301902
23332259
6196766
13657106
26346614
10264256
14796709
12756304
23615002
15476617
2288826
4201946
25338619
29700905
996734
9713322
9077977
17284262
21481165
5554676
3953506
19251652
26033867
16938694
26953147
7661297
15922819
21142867
619148
7706188
2820939
23979954
28801272
25284759
1861703
13722594
8799467
21118054
5187243
10096200
2156006
17554416
10504385
1531015
7474062
12293629
13441999
27370804
26460886
3345090
5706986
6641288
6612672
12266839
12586084
26443668
24125712
6194987
1313126
25102045
9163577
1220996
2251955
15028043
10040162
13038901
20146621
21200550
2334484
3843426
15886308
7072542
5707026
27381661
11874954
25246924
7496502
23238805
4671260
22162096
6476562
4470999
14841334
2263181
21621632
28136064
151194
9459901
23495195
22197293
23970135
8983602
1633104
18094869
28372647
10839471
25387857
9713945
11060502
23762638
4216798
12173786
28955999
28182046
13926006
26219714
6422200
14796370
7563750
21719933
15860532
18790068
26907770
24991381
5819425
28386110
7479899
12257162
5017830
28369643
18852251
13589975
11379486
7626356
8821614
10342614
16462958
4895649
29000553
16510622
6580601
4376094
4059364
22187788
29419017
23047577
20210344
12708236
7820315
18241363
20980353
11278487
7508736
17893566
25345132
3549598
7003629
26413409
19061449
12914171
13323157
27852967
29121834
5070479
4411393
15680886
27157431
14016240
16380899
23472847
10910851
12126061
25397350
15440871
20268906
17985062
16850285
9807849
24104804
12647197
16752190
9250014
19035171
25804075
13563825
4310657
18732875
10710114
17117374
14036605
10502064
15077374
4620698
9816055
3650619
24672162
18664251
20630614
4280401
21583549
12332659
7019050
26253325
4244090
7449927
4521138
22625676
29447184
24228608
11207311
8166416
14774122
15021830
11508372
2536269
9350981
27758644
17351027
18272038
2573982
21649894
11116417
1475750
9104907
19573800
2883869
21096461
26984914
11471501
23548106
29216801
27948446
1747810
26653324
27306440
29637839
25712583
20726789
28172056
7202903
8400890
17952159
16485681
9564856
8507534
22848417
20373264
3128901
19141067
20524537