3049011
2279054
18185474
21504197
74667
4222998
766524
10210490
14043260
12245323
15507361
25390435
6458453
23803352
15482527
11426613
27117848
3524307
17437756
805665
19254316
5150019
585549
27341637
16263578
26327005
7381812
25546926
13687319
29598346
27443534
15844144
5550939
27441717
16348752
8528917
24756088
19518525
29801561
3930044
29710337
17991245
11509894
5411822
15116792
10644203
29268089
27729490
7735677
28440387
22829502
12342772
29369865
26881543
17057263
3331702
24859834
3249845
12976880
9797094
19401014
23239086
17052816
16837846
16344360
8057848
15717094
26334808
24652148
27521963
1551556
1825949
11043387
27839296
29894718
20713094
4761255
17459850
14441501
23413631
8150324
17932652
3273169
8220863
29030935
11880219
11179626
5360434
17991563
2972308
1117575
26676934
11646107
173391
8263450
19653050
21217077
9694810
10781202
12917225
5162983
24604760
20352893
2706878
5093838
23676849
23014143
6666505
9414068
12991393
14564555
10717351
16751260
17878459
18251787
14558219
14160165
19043107
9428703
8330430
13668928
27742016
4615402
4442912
27816088
19802971
26513841
13733246
15944034
11354010
19151615
19460846
2094521
25799422
9696639
6615948
13983288
4915349
22477134
24837254
18310325
3812353
12902052
14185164
2023342
24056971
13184920
23573943
4693994
1478947
3148554
13750217
11789718
5660079
750739
21896027
26267030
24091045
20970699
5515858
13617590
19240365
2082137
19123146
4612659
19196385
9231006
19579623
18785553
14503358
2446204
2617393
9848898
6545057
3461551
17189782
22047379
24888269
920039
14757804
13690866
5713155
7961748
1175676
1380435
1841527
1224666
4578519
19813498
10183439
9059640
4367942
2908176
8348162
17763520
6987240
17022948
20109937
8210480
11289351
1149057
8874215
23210949
14536209
23780140
29070861
1219769
24947802
8753274
2984018
154639
26079741
24373009
17786539
29209924
12004313
25848272
3158175
22905687
8715419
3216178
13564643
3773941
11990821
17862724
24092740
17553430
12285638
6044616
16163135
3851711
16344747
22537209
14742365
18244200
16156747
21729299
20228355
16110739
3859349
29068402
10708559
19843159
27514065
2033534
4959922
11983163
2308300
25331999
1561993
8167276
9674081
29134116
13093430
19500603
21200332
12986795
20526206
3116154
19095509
6293490
5141288
21740003
4542155
14800430
7763091
15860608
3665081
26877683
2193010
237240
10910079
1680112
29125404
23070138
17306366
12203167
742818
20616237
14426153
28789791
25486590
18739743
16646489
7482314
18639360
16076727
10595850
27767028
476997
18913969
8390444
18090157
4693082
19066159
22478725
5162246
28355970
14776859
26978625
7662057
19465335
14417766
22186548
1263104
15122470
2858275
5857552
11004383
10503444
29199
21545838
24566230
5811629
8591740
11304002
23205590
6660247
20596065
27374203
127150
22135489
24377739
4887612
723323
5275057
7021293
16217323
13007415
29404357
2270733
23705856
19051346
28402007
10038690
17797595
20924529
12610744
9913072
18234214
27384138
2012801
1645050
10201670
12849627
7499374
7275931
16548799
4051667
17204242
13405995
8924978
19905266
20395816
9916649
14596005
25454343
11097333
24605205
23798521
12654588
29158957
22791927
23252237
29954443
24000668
8802562
11335875
20858328
23219009
12171826
23466431
15539427
21820699
24585964
9043431
14456202
22428027
10342659
25975133
6550206
11840977
12521368
27959538
17954574
22354126
20875841
24031917
21941887
5079429
9628078
16669442
5504236
17421751
6463861
18747699
17265038
28581265
7488119
19783640
24856851
8507297
15373427
21788068
3641456
20132476
4405129
15698777
23627038
11247414
21485079
17582612
5692553
25088272
2413624
12296864
9047106
10102310
15044251
22004831
867940
22141445
20322324
15548030
17746741
616469
12786930
8883615
1605293
8304483
7337099
27654042
16225853
9924157
27315013
5314803
2373001
9317418
2110803
7002378
20962417
8010474
13426389
5657771
20221694
6051928
24752972
25587851
13095830
19667439
140086
15972886
23274873
10387697
23912480
287917
4513407
1725887
27231505
5970230
21673478
22293900
28234116
20572101
22066142
1390058
24564826
9775714
82418
10389270
1533293
23833279
14159407
23932863
16384623
1773003
23432303
28529170
24596175
9992378
26122737
20758569
5487504
6890481
20855296
5452440
27412419
20963260
24911417
4897104
12738476
10199274
11125017
7490809
18059664
16947870
11434211
12688541
7426659
24249889
16884661
16095809
18192508
26506082
24464249
20361443
28636624
7408260
28077856
6956936
6057707
14674759
19859519
13462393
12901636
6567936
11237176
5861641
21981100
158317
24641106
23991816
15718016
7541037
9099
22051846
12978483
29387412
14985883
3048071
8564143
21200300
20212431
20243447
25808723
13293529
25755077
8175982
1001861
28881368
4260344
27856938
20232190
7453109
1188624
24314163
25066710
7826977
13638058
28666642
9452878
57672
23067042
7259906
2122705
27119124
1750668
10761177
7979744
19406289
20971395
14464323
9371793
22897612
22558512
16141028
4884932
27720451
6091198
22158894
14182104
2681932
24195824
8732693
29635256
8727584
24468910
20280468
13834875
18995167
23272951
19719044
18095443
27607059
8916477
20810107
25117860
662934
15661262
16030528
13035434
25827115
27561198
14888161
5497454
4208444
16101292
9979398
11536161
20062647
1813686
5181472
29543945
16287624
27528875
10393514
23440251
258611
25464631
6818192
8754996
21769674
15172916
22641215
12260195
10097820
28292763
19071201
23726481
5454436
10741174
20654823
28921753
22625404
6603414
18574595
28139395
12627398
8443995
20949125
9214047
16748391
5716858
12672268
16793344
25697088
3114658
16266766
21975028
12958689
20058777
29567575
3067423
12413792
4326451
10544286
10586160
22230322
23329324
19237631
1490272
23106244
11153642
16203392
12788357
16714758
25527788
20758915
18482940
1937908
14355983
18534732
28097617
15720563
6047134
13879914
27317997
34413
27791269
21548100
28864860
2778692
8301889
2178948
18371809
7665044
11254090
11654126
7017139
16598624
28087232
6970784
6031476
25261382
2783966
17889491
13502919
22930534
15314362
23016224
20880732
4083749
10947473
6656266
7392909
11536303
18308562
17753550
18598165
27218798
4802036
18003122
16046734
10738090
16171951
17127312
28364295
8536418
26076477
5876953
27362375
16601985
15043344
13014393
24709667
23410071
14590430
22723913
23441227
14323872
16439178
12768126
17496488
5922692
10489766
17808201
5397189
7437542
3889077
17431735
20899838
13746208
20300352
11023961
26911789
15369931
29863856
22195494
523442
4809323
22583392
26942552
3786810
13641089
1837300
6032037
29193796
24012046
18402846
5362567
3974534
394812
9338548
29887072
397052
11774868
18518048
6273654
20280498
13152524
7268131
4360728
21454537
627299
25474028
1651233
1460972
26966004
7308314
9800925
11229551
2926146
4632832
24340333
15813448
828587
11518475
2924969
17643070
880058
23448724
22868948
28586
18695223
19622624
19422899
21528
15133940
2037404
1299078
566910
17900156
15761546
26829542
1640642
6726686
1498414
9132246
5153017
16191484
12749074
14462991
24057525
25654636
5747732
23975888
27337334
8678629
710529
27439185
24896386
17980149
11989806
22180978
25235912
3382159
10914431
12388694
10955497
1766466
10968385
1884976
13953679
24246520
20659525
20573301
99344
28120235
9112982
13124735
10746990
13719975
22608921
22475827
9915143
24886742
466241
22472282
26882934
8467069
21089238
20267573
15499187
28021890
2982473
1866711
29633219
4626206
9539255
18378109
13277552
8112374
29611117
8973438
13098952
10841100
5190880
27559701
19467469
8069890
5141517
20854128
17275223
26669564
1671379
9222495
19810903
17399283
13424907
24849013
27677103
20559678
14966498
3553609
8204161
22214443
22601268
14183335
18624674
18379552
1815456
2356347
27404056
11967515
6949514
18502435
20338565
15235712
2255048
2588449
16636055
16385908
15786551
602132
21422097
24203554
19639246
6090072
10221707
21997319
5843471
23150687
19738410
28022857
4231716
24084430
26137525
22318493
7723943
8839967
18448742
9144310
13340319
27782591
17036365
3991124
12510124
7670846
3927584
24134990
13349292
29945114
22127036
14008761
22132563
902776
28554766
13806109
9822649
893164
10574790
23008751
24049475
29070080
24900660
25146488
16642648
1869980
8828026
4358863
13061757
3765236
15233089
16043143
8255831
1957157
1100525
2541505
3229109
27569842
18362792
17953083
8651536
1802836
2448399
18356984
9809805
7510020
3897975
21469691
9059956
20743315
8266106
14931254
22177875
3284612
13886202
24627660
10973340
15424998
25541282
16826953
20259529
9868718
15740282
19541982
24440388
25642853
14497005
4460330
24141128
385551
9261096
14970074
24764597
12364160
27847252
26444227
6929394
5172424
5065928
4381171
25516527
20583709
23708456
22319596
8750680
23092739
3897498
11762382
14811227
13515283
320178
19286877
365978
5467929
23531155
9149304
24960082
2988215
4535904
29320755
26544326
9395700
5805178
8388898
2655357
5119990
21140491
18404188
27177501
14483184
7881408
4884857
16792296
17082328
10498929
29523723
2188211
9614918
2809823
16623796
7974033
12767032
20338009
18567411
6057781
16988100
15679571
3198207
3920087
15670541
3208901
7863914
3936742
22105041
2988138
26054968
24474129
15353381
4671075
2552917
26902772
16269211
12281291
10075793
15664751
18198476
22041939
27634668
25594104
10074212
14655959
5534526
17356090
9738581
28130624
29763841
13827521
21535410
11793824
24781464
23699500
22782580
4526050
12680016
13818266
27059368
19196900
209042
18131643
18524403
16357656
18145777
7579442
29187392
27361722
12734120
593987
3204513
1514961
26150705
21373336
28821661
24338015
5407699
14334881
20485568
19440592
15444038
16733434
1875467
9756737
29360858
24426153
10299742
1236132
5347112
20136186
2502311
10339855
20070934
13233091
120094
883666
21635820
14006940
4645886
23326526
14428273
7584044
23481632
18238108
1834827
4291650
3120333
13909385
17630217
28622775
6123337
6869225
11940000
11009761
21687400
22124218
2453957
15400208
8278017
20628234
9798186
19809625
653657
29483145
759807
11365826
9744903
79637
21095994
7855475
14128262
1129248
14988539
27407514
16210740
27425521
22376275
24193542
6953171
197210
23694925
324239
12614980
26157768
4206607
14931226
7357588
14085726
4209698
22145917
8824363
29121254
18380554
21171053
26395934
27152759
3501378
310014
18873135
25493299
18913725
11991831
3809742
19313882
22782822
12201944
2202018
19244599
12910059
18628971
22817989
3754124
8449397
8613014
9555292
20934337
10000908
8218061
27556049
25365317
3518362
2013165
26084544
3258151
29553757
321796
22998424
23025277
10640112
4749946
21871895
14555798
9144792
29184733
4093647
1124153
7984412
20686927
20478761
20039582
27371318
5584444
3841833
24651057
9084979
25150482
21975170
3373463
20655579
21135440
29579665
3317664
26323026
10647555
8226857
28870344
27292495
26102891
18656995
11356370
16582794
18710819
8133245
7574058
26648421
9229924
13027992
28676126
12862981
23636303
17469085
14793928
9955073
5293598
28594611
12396187
14151317
23980075
22771998
9221323
2700484
27575784
16609060
7388755
18941244
25304308
19178685
18442039
8796632
20292812
21991058
14145276
18535494
2422155
22739712
2218367
14669062
10304100
3086314
13730429
12877115
26360601
12866397
4792641
15082346
16453426
18375783
9670318
105075
8451330
19171611
14527824
13228984
17898716
21949246
241437
10451444
18392823
3614445
4040304
4373491
12921414
27976786
12766289
9426904
17014456
7425974
20547181
25880929
11853941
20116766
21658815
12329287
10996527
3092209
20992668
18419033
4505629
1859052
9063566
10109945
13429310
18677503
6372124
23938723
7470834
1939781
13510490
25261569
13931157
28052165
26008073
6081708
22645588
9224170
27763542
17406696
17289743
21732323
12749885
16822262
23797479
4076951
10368652
16459086
28162724
7974981
17133744
24851980
15395315
15256012
16591261
15020498
19245994
6217742
11910727
29674892
14715445
6177241
3767064
22209308
155296
24386110
27855439
1535740
5215247
4718391
4845948
14899331
28232726
23663670
969429
6975949
16159076
2776252
17985144
19891623
14846388
5680722
5154919
14547992
23202659
18499936
28415425
4855910
3034499
8038141
3570412
21648151
21977687
18985622
1042981
21940832
6831844
6451684
25970008
20132461
25978409
24607238
29422737
2635334
22154828
666897
13366742
16390644
4237601
15940320
868089
24061199
13996987
12962362
7988459
7397411
3800855
14765780
987939
3275925
16006950
21643483
22177803
4386152
23075072
3166960
24529194
17439024
5761322
13202271
22844623
9318031
18325105
13687608
22248275
28866348
2058369
18108148
4626605
22396204
13976590
21997118
11981547
9534118
15682390
20032852
13732687
20267135
16410575
7764521
23929156
20874057
4300281
15317828
16373013
2600122
2958121
7091889
4983901
7831339
12448258
19271415
5112995
16651228
19558469
18454773
434316
1885205
17782648
19248222
21230779
6413520
18147852
11571094
10316830
14065237
28780319
13597461
21443152
4317247
22208263
20838772
29973523
29231419
26643200
7233123
24184599
21285417
8369506
22622290
4642855
27316891
29582857
11444553
6489480
2591737
17774731
25549897
2920676
17319432
17690219
29804380
29764573
28065778
1246454
2883694
13384894
11191114
28174622
11800346
16021880
27549024
8005853
25379919
685363
17091651
1819619
22468201
22621560
20342341
14841471
4610398
12134396
1673595
7721722
17263030
1727469
20378574
14705196
19785022
17288944
17757681
7408039
26199777
1153208
22965741
28673015
2627255
3857773
143869
14246372
25760193
13238677
20723660
8186913
23113448
2992624
25515508
14869267
24529625
331957
22618663
10635017
1161455
2376011
16761853
6807110
27032207
13225251
20371906
19800723
25551038
23801351
19593662
29148502
18998520
21920041
17366398
14619881
15871669
3890925
19617526
1050641
23666642
10602613
26703615
27128303
9291591
2284376
29711793
22346212
8768996
29440520
2324297
13511882
14919377
16528291
1288633
17036302
20052123
28106055
18985950
4570180
2372575
19166190
15698625
1947439
2894000
1133563
19099486
16700470
7223902
29427478
21593397
17796175
25262106
19519532
23193430
25247387
17638084
21733497
7299641
6859911
21378110
4517305
10780854
9327668
26526099
27938215
24215404
29271152
16045500
25551126
23051976
4645541
20940562
7752323
9378771
3930600
27581018
9371849
16280706
24180957
2453956
20254248
8385976
11849168
23603670
12526183
12372256
8047548
21686937
10269702
24063861
3959196
29876762
19121967
23792709
15303921
2815712
26785595
18911167
26206897
3937986
4073583
10196254
20430303
1989186
28880191
3059056
29083528
7966899
17180333
13318004
18107420
7777538
7927118
22906641
10094666
4911107
4496677
28581089
21210561
28493276
4152712
8259412
9875789
6223864
7055679
24726993
29113422
22817471
2933307
717797
9503731
16740616
945491
18509792
464969
27548412
9432114
27550526
16021640
12977418
602357
20622823
8303008
18638239
29855011
12341537
27409520
19963917
24405883
4843024
1833620
26358864
26731308
15861484
22905332
20347394
12284629
12451476
29344586
20082081
14737601
29115436
10897676
27853242
6751791
17342506
8496184
14324631
4787464
15933789
13061346
14090193
8415077
16511874
23785280
5685302
10831004
6457148
13627072
15769544
3693233
20130271
15902198
29053434
21311502
27434346
15947852
4823674
16062173
8206658
25343676
27312565
8011652
14711409
2562466
6110718
29345617
2833136
29876505
27777517
5541997
18822132
22266158
5912456
14653172
25260749
9012806
21354449
4141349
4603176
17800728
22757402
29856014
25116071
14023477
14735586
22804162
16768516
5117897
5666563
11923436
13908829
3233212
11613857
3228118
11373023
21399172
19116053
15516311
7579647
29431165
2546281
27045370
11128656
18249420
7594920
27507402
17762743
26220402
26958353
27695235
27977430
6471769
16893943
9119406
4302873
20482833
26656453
4971298
8908777
13388876
7567370
1829767
15160048
29214783
25281819
17383603
4376487
20288432
25109256
29329321
14881223
27143628
886795
17259759
8603665
17339282
25521867
26079332
29066239
13777799
13543640
4299736
3286157
27184561
23410933
4325923
8126271
14429113
8201587
6021310
622526
17079426
13988856
25344643
29206839
4021974
663767
12550388
16511529
10225952
18747667
18872859
13092347
4073832
7644257
14787245
24889473
14452834
14689518
8849396
11540266
26406785
25659280
3941978
11387799
20113397
8936339
27124941
26689205
15113049
3380708
28406007
29179130
13634933
11572896
8129277
23800978
13416478
12206630
22987670
24838709
1539099
783466
18897765
25181738
11325900
14184170
2975283
14582874
9385723
25056236
17956643
15079395
3738176
26173541
672055
26992645
1531454
4630656
22021042
15817851
24238983
12003190
24192247
15229540
17273318
7087173
6071268
25468788
23555636
9012210
19894388
11999565
18808607
2534793
2909423
26789508
748290
11399977
6585636
23113318
27067527
13523662
29201457
3769214
13040043
17452303
3337993
19433842
10318507
20492499
1204331
1859189
6278205
10174083
6790543
23081281
8156292
2071654
19613169
6218188
7496607
27191444
24714756
3834612
18874118
9949611
23160126
6870567
24262439
26518406
2621291
28569460
17156623
27570464
19995379
20720366
20758293
27168711
25710331
5782492
16337991
29110053
6746510
28757017
10236771
7560761
19302523
28784168
19095529
11146179
15146610
3852945
4091252
948985
18130885
10999935
9630282
16865755
26687106
28296566
13714191
14626033
29562642
13602296
13611663
8900842
5577324
20996229
23189641
29837830
17571526
243423
5677710
20389181
11587890
12604571
6749821
23797031
17040352
14609681
2056044
20667458
10652988
15922284
3345401
9470879
18084580
5811222
12988464
6849810
27455975
19808623
11138026
23240498
28308974
8405004
29816287
17653410
11889669
8159145
16076572
1067360
14262182
18315822
13487520
19714684
359238
1143332
29051690
8808293
27186618
18944669
28138052
26913810
652498
27172565
18151174
27582212
12849330
27504189
18641325
1745853
21386775
28480693
14884723
23555713
20579979
15898
18731539
9057847
16444918
27789546
10593997
1220252
20041993
29716468
24759217
1746526
29828562
13988701
15420399
8255889
11880207
23561182
17048144
21337310
23188187
29411801
29629777
8918780
20719269
2931648
9676121
29755169
20560104
2420387
20805621
3530073
12080267
2366020
21380592
24360475
24644958
20562860
5740539
19916410
25042662
9139602
19245458
22227719
11248636
9657223
26361749
24473278
17460881
8172529
10159641
9515646
29253726
20132624
20162559
6531902
12267303
23957735
25527762
13474217
9256608
26883540
4240792
9347265
9853309
5999541
29662764
18623506
26393522
18845820
377001
23761443
15347829
18308328
20265508
410689
16424437
14998797
17597858
3951575
24931395
18972348
28605339
20678428
25201629
735593
20776265
17222982
27684724
1257008
12711153
2384427
19911419
27519751
1054614
269370
3925076
12062940
15042186
8086568
3055959
10129112
3919966
2467373
23934769
21627390
3614715
16329891
8191650
9982746
5974607
1001677
16623857
724152
16454144
6008223
26859747
23686229
19017313
12106788
17496701
21177203
23663911
22924443
20815570
17363896
720685
21912722
23649608
26720274
15529363
7269787
18957800
9860059
14958984
10282709
11433824
9939239
26413931
24992205
9235873
16951771
3486339
14614239
10430727
9425999
24618836
3073722
536555
15179662
15783370
13606040
3610713
1375867
25097361
23739966
7076922
11289149
5583470
7149460
190512
2791110
10464167
15240432
14593286
28884778
6652128
21838585
21634482
3439697
6251307
28586388
1312786
2802892
21143727
667843
11600560
15073976
77730
7838993
28585382
28715842
11869606
19574288
6022880
9765666
18005552
26902684
2575673
19948069
18868861
2156826
11557907
22826148
19108146
24212128
12618606
16569456
9807384
24671584
15271924
20398966
11513794
11173885
18356765
10809929
4937452
10377984
24057207
12716532
8665438
2633035
20325356
13851081
11532343
29007343
7327611
29759899
29525426
29222506
6626503
11084626
29701753
22872918
5357311
10036509
28492813
24235172
18541453
25979948
16860970
29917337
7245159
7446037
14146205
21389050
29290739
3488419
26032328
22855965
26541395
20517330
6730330
21171812
12319166
19734645
24113549
13840776
10703059
19586997
11496
17499034
2331214
6373715
24600472
22907773
25851156
28786460
2015122
25881861
13112354
26485988
11595419
29038938
27655021
19550072
400074
19364102
25600297
25548551
910777
27013693
20599464
16159167
20548673
25508659
14996646
28636295
5811792
1786432
2912338
11882348
5546984
29389537
15496343
9507145
18597208
16426836
19827612
27338940
15978213
22739537
20719595
2846551
15278437
7749642
11279920
15159612
21245812
3539779
4164634
29567593
12093783
29543491
19427310
4199089
23991912
18863161
12509405
27280865
11811186
18173320
17562741
5103704
10860347
16666519
2709471
13291990
9980991
15264062
12353738
24645129
29044813
23202467
19370474
13941319
26124477
2142173
4466192
1144586
17002349
18578941
6092901
20588269
17252104
2222475
13710387
21927603
19545089
22064236
7856753
9931505
16479804
14451722
24855300
24982105
3823305
29987388
20303852
11575389
20432928
4323671
16077956
27876169
5647246
15356263
25386473
28424940
11282228
3984794
14957679
5096388
25836483
20912290
11035732
26221522
21123506
18727128
5490835
17062427
574776
8104348
19210764
12793035
18434955
14923239
21268978
4028096
10189726
12573066
10712845
28678908
24592234
8948096
13073374
19857862
11021658
5805337
5454249
1577539
20933096
22537848
11355748
12446592
19077800
24999097
21077557
27562788
4062704
17025161
24908786
13965613
19564643
29741677
24946114
15361710
21640108
8023189
8537741
6729995
8843376
24559029
7936586
20910097
16011966
852181
14176313
15031278
14044599
7438080
16408423
8313574
27887274
20281463
13455302
1495133
21464222
23493495
29375044
15599418
10691128
24004506
28436822
5149923
23493396
15242606
18572998
10758981
4255376
5378625
29997712
29868927
25511573
22912030
16793378
28609277
207208
3383546
21685277
19907615
29961404
2926740
17552682
12127005
3259399
17505102
3811031
24323646
12107605
24783448
18346587
21088160
5507823
16619537
12198547
18726833
9252990
69274
9569299
22962483
23812865
11621790
27300282
29171661
24002461
21062954
20194987
11892199
24419576
27679502
1417514
9860198
4308211
12262216
561480
2076080
12230717
3128305
25709988
11000688
27564609
3059465
22013943
28673693
4088000
17543252
13882694
27394770
5469139
24626232
28394082
13226923
4706141
7753271
28786622
29932206
2240726
18673601
29862694
26685362
10743789
26514936
7898861
11368088
335728
2791937
13089900
2847377
21150489
6378153
19919557
23545082
25411905
13465589
7351749
10481901
10591889
5844894
7578836
23440082
20422942
5736365
29762945
17502218
25485214
2608761
23783291
26898381
21606796
8305841
22720984
23054628
10661816
11157749
6759452
11946118
2185229
5929367
3461732
6139524
20088092
12231177
4491068
17588865
21970657
2202034
357221
11458778
14792507
26257199
10125167
3132306
25235898
18455777
19625238
27302765
15709732
3885370
24205917
24741525
7179221
15459692
27053462
26177036
8840248
11641077
8371633
25952106
18875600
25288890
16583300
28357051
26516438
16986272
9945591
2049084
21580086
21804834
11332451
6496152
1543614
4251074
21194496
5677106
18522773
7240979
3681534
26532150
18889121
21263032
18445505
15382454
15097481
891978
28866482
3779555
11222670
13892264
3672482
24283059
27750810
7192581
21297743
12084747
23329406
24104663
3519413
8639528
27193369
21210082
26483625
9763716
18561657
13673929
21315138
8843603
20419480
3730878
13270500
5538168
15258224
29220673
17585390
1975656
6221786
8561393
21393544
29189236
16411204
24392234
14779107
4431652
22788601
22940407
2410992
415254
22779146
10968420
24813493
16200762
25131031
5398763
14448798
27235552
15445274
341653
23433280
9289910
21232086
23887296
19079958
19329455
24409880
10571493
9053257
18104758
3750117
12766667
27291926
5245748
5385982
11672038
29790982
21255049
3599130
26782520
1955198
2928054
20881676
5435050
843218
15284604
5540847
29103551
9567635
13653087
27077908
1762724
14717872
26577950
6778205
23513676
29824183
29175865
21430491
3927545
4021666
11815432
660651
119665
2374661
24805498
27057693
17594152
18172047
5542612
22921895
19601030
20966367
7596416
15376286
27223178
26615545
25317531
14761199
153344
2794479
19724573
12331838
4196828
6397308
15149774
18270724
24203189
12414059
1124894
16610333
460815
6304344
20041496
1137671
19830730
27949948
5641391
18973889
11939908
29946069
25814971
1991218
4665660
21936191
6954824
7321792
18675465
22279247
24418752
18523735
26586319
13223136
25765221
26697332
8465759
8673366
17878138
3507163
20246166
16105658
10897694
15741391
10711195
8749223
25783093
7500990
17170214
26999063
18635823
28621240
17881357
28070685
4357888
27134582
24412235
2892901
18602985
7176727
15217485
23553973
6888045
21555149
19147975
1384379
23657769
27527317
21547957
18676171
6980747
23695784
20248615
16176991
27780789
17516821
2039840
6109731
13282020
20887598
14638005
27001643
25400175
11070653
19411852
17749158
6249591
18677235
24007445
20131209
26244415
20439395
27785019
28252442
16123105
16907227
363933
14747465
19529160
14233903
24981547
6241981
2172677
22593383
10393791
15405618
12823685
11948581
20954868
26862981
19924366
7803067
10669136
3149154
27268409
1749966
13769115
1957801
24171558
13728089
3639512
4704567
3704135
842057
28107355
12781602
3645367
25310939
8144755
27389988
28979662
24011769
8725060
1118737
26824928
19296874
18101101
2713267
6389650
5204263
8003361
13729822
1384650
23390129
9770403
20970347
9427507
22509250
22894035
12982771
22250740
16719857
17991119
5645685
3565261
11790524
2693583
25317691
16185991
16579293
14124135
26688147
26467435
26558014
21899717
7942526
383885
19800957
6986477
17070613
25888834
7570195
22563745
20237106
6650017
15670287
28456759
9096556
5343312
10415099
7010617
23732294
139534
16367210
26949397
2648560
11951490
3482566
5532498
24351210
10686569
20968184
6057376
2628550
9233647
20313383
20452734
11714568
7668701
12137598
7023727
11515328
17248107
20455955
22743276
29307182
22544653
17319846
22143596
25021065
682967
3711891
19680883
10593461
16925297
23011567
9793067
23048658
25530312
9714492
27387381
6475612
12706057
5740330
14031604
8189700
26881153
13091048
5110227
23519065
15247517
1028019
7841581
27657249
23868778
14904745
1078269
22483610
7102986
27060704
3080088
16677673
23563545
11112226
2155870
22283276
8317350
1701814
1408232
9116438
10058150
23656515
18601144
11126778
10740114
5119523
932675
14450688
4244970
19150052
24711171
9441181
16432247
2350253
12265033
12553154
23682277
3028210
4032239
22211650
13866848
22323955
15725733
23129401
19350132
3779563
29889100
26238723
12413559
14558079
3001559
7981014
16418391
20807313
19743906
8554921
29968217
23992573
3569178
17870663
24746378
23905970
28253669
29089611
11077642
11571081
16834988
26358656
8430425
29155025
12148150
21671433
29208758
3809745
29933915
25912650
12458517
27153993
25325742
10059679
18375749
11889992
28300566
21237271
2245469
4366538
22771538
25159254
17498774
19206880
7208480
24763338
14978094
1985621
23124529
13771241
3401469
15233109
15924911
22146574
3845731
1379307
21299927
20930543
7317954
21798408
20050564
25189672
10638935
6889302
17946790
12921758
9520024
3151346
20636829
10246997
4822532
9540642
22750603
18065655
24198999
29587749
12872541
29960810
22049652
8553260
15890271
23199866
19902626
26116521
19984527
19824378
9241829
20776628
18804613
1419902
14846977
27145690
19914722
3955069
12256245
12122715
20603597
23644220
583088
22430917
12530627
4562001
18951062
17798635
930357
7677472
2182329
2303830
25272197
6798626
3714011
9406615
12706241
16190569
13678060
21200355
24829526
10839386
25091771
25543852
3085519
17528393
28433240
20996565
22566901
10549062
6894477
19640010
5206484
3863203
8379143
25068273
14998830
23668559
4635539
18212137
1183021
1712157
27355967
27728976
19028949
845093
12522981
13627487
10285011
11325316
28049157
10566789
17866468
18223662
20477336
11840858
15171018
26618766
23968688
23145853
13865287
14560379
26416563
20438420
18303339
10535004
6864812
16170293
79356
15995497
16555609
15714123
12244351
1989998
26078206
13961937
22578106
29171474
27732407
3035583
22772074
18096962
19714978
29504450
487639
23783229
15602014
28501555
7470462
7199505
7881673
21359241
14379871
15140081
23452691
20360792
3839375
28421604
16651044
11591070
15517698
308279
15831116
17346394
4523430
25825547
18359411
15373093
5896508
12848907
6711231
398000
28682434
9885570
29326583
9205317
18847091
28501387
18008926
1045246
1769765
9310050
19183283
6386191
25184123
24123094
12990907
16092354
27753056
24269798
20298979
5910334
7258294
9785541
7342857
19953943
21280874
17130661
2998265
22705558
3976440
1688362
26840748
29990667
5976796
8899932
5452603
6494477
11949764
7410299
11879111
2001311
15994192
18486617
13979749
25489376
9616518
9479448
6419419
18701675
2873781
19502066
15776721
6141248
22756223
12045941
18242221
10729987
12247836
1080971
26952927
15699365
23450593
11429892
27406537
2992112
24977008
25696156
26389408
14696821
25024671
28132994
15566256
28992682
2790157
18949952
9794350
9024210
18800516
2503254
404334
9106226
28271416
9292187
20951411
6914198
29966255
13032368
5693317
25238195
16913591
22639427
19388431
24490090
16590874
5958750
22251794
24575958
24499012
18436200
26532954
23786324
16762824
29747153
21254565
26576773
21236268
25226123
17108077
2840665
8075711
12278500
1882551
8683335
11255962
17088555
21129607
19602812
28125994
8233560
14543070
1723936
11379125
26055878
25410299
8094927
2826518
8038828
11711542
29969294
3493239
804134
3529469
14629165
9566380
16380951
16517460
15364319
22213788
20955349
29287671
7175248
857425
21075430
28487174
15965032
10956709
27461474
24720844
6206378
7231122
8622329
15895279
12825197
11716760
9308603
5940464
27368784
24535158
3301770
4608519
29858789
1152833
10337304
3206439
21569638
7076040
3095268
8371196
21779107
10774790
14310445
23855896
23295565
6665150
17890206
7211057
1941962
19161764
9181318
20810993
8940773
878723
10364746
20935107
12103446
23475060
8171180
5635030
3278762
23768718
20016190
3124042
1624309
7497209
11283460
4873502
28414654
11819223
8475268
26473413
25168478
12974341
21904382
18261534
28520095
23168632
24360322
11261141
714952
22599886
29101886
21720103
18949788
16107887
8122632
12173346
7842672
6047685
27435509
15186408
9396860
4018873
8791097
236266
25996554
10962062
10804243
3495781
21999529
27566627
5465680
5169742
23073360
7027492
21176426
13796518
4812835
1149016
6676359
26070169
2611613
10448751
851599
20182772
6363316
12668512
25162418
2574808
13611870
14624561
1035098
28148582
20917449
4935573
4050847
12283981
15598337
21265578
24390310
16579195
21215659
1134186
8196532
8621906
14157938
26211824
9043585
26555850
21328172
10081843
7963243
11080243
6985395
14219077
17831942
13690968
14420636
17362702
1469039
4461547
4238187
4359884
2225506
16326049
13548544
13939703
24946049
14670286
28108834
3417777
27455974
5566574
22484944
5923440
26377844
11011620
26338886
28544507
1817910
26266313
10474701
3656725
29513175
898617
15584518
4765015
21371427
1201460
5122359
21381196
21289605
19681295
13922848
1555855
7956956
25132086
21372178
20130235
19885538
23390680
7121098
14622427
5969820
10801705
21594254
29206363
1690720
22436804
14821912
13800141
14932777
10373277
9078607
21676844
25649616
5766475
4911400
28140138
20972974
3286283
4159319
24194706
23944028
14461427
17042290
15888347
16272491
21304958
19700973
9150144
27344401
141702
11923323
28443302
21473975
1924956
20987730
21829810
3733114
24628912
12952974
132307
18667947
21631946
11385894
551329
11344409
2019281
23655473
15539700
2046179
22040767
14278245
8926476
4036085
4014433
13614495
7018577
26572226
4613158
11569322
14244625
18876836
23111718
25665758
13318842
20481100
3369520
1051896
12057704
4646918
8863170
19548836
9973068
20820166
17453728
29603502
9999159
7285300
2813134
27235026
11771184
25203602
1558505
13923681
3008100
25278456
13236215
18382431
7815028
24939224
955992
1201140
5970732
21142753
21723768
11712242
4438335
1780663
24130699
8593107
14457294
9437433
18540578
21406447
6779334
14697695
16375405
21923653
3401054
19106094
4657387
13817632
13226322
8069478
18868046
21753764
28547114
810132
21614796
15816716
29719919
24766299
27793825
26734238
1678042
4108685
27440657
21936862
19691148
20906681
243135
22275901
19082416
20383416
9957360
12694036
21642856
22014080
25987840
15871871
24202542
5081855
14556994
653161
9431337
18796514
21525323
28427542
1641962
27777166
17787707
18107731
29380157
8062484
19548978
19165385
1622212
16512704
24743819
14920994
29719860
23162068
38549
132913
853030
17439714
14589534
22655325
4418728
23934451
12937149
7192021
11588298
28908545
28410613
16252560
25494647
9570599
1415869
4085264
5255490
14139849
21523894
28616041
11568867
3543249
5317414
8945640
24670788
19748322
22294510
21490780
10874356
16251036
13779037
20574718
27229851
1950783
794931
13389339
4911970
2373753
2052786
13271116
1579698
17435296
11771508
13840472
9061237
15610873
17524581
29887436
19229649
23957371
15499934
321922
20193370
13713833
7208903
28221770
4089943
11929932
27733804
867909
7612444
906471
17752166
25408114
16392424
8088780
5480209
7336104
21914783
20189523
10845596
11020601
27307907
21085899
24813895
28582170
25541316
26836731
28475787
26970035
21905427
20034408
18926085
15766092
22702755
10101675
15182305
18203769
25607853
29783365
25858006
28334499
14509344
3825470
18507817
7684813
14078571
13491383
18344492
21980042
3017378
792372
26415039
20061844
27855851
15907620
16965812
10536873
16765505
9371441
15303569
13440865
15998516
29481127
8514243
11501966
20530458
8928242
16163525
4699999
24367401
1496815
19844090
11739256
11129634
11772125
27211972
29147752
15968349
21546623
25996819
21029639
12712537
20190806
27139129
6853344
23139331
17479674
15562858
27225697
29015949
10166257
15129800
19679583
19988389
17369564
2133958
14430591
16260647
10036137
3652319
7924517
2951436
9467326
1180310
14250793
27711924
5847850
7910310
10168892
26601662
1388994
18576181
17424404
20965802
19576830
12889121
1646585
25386051
505496
23316794
3278662
12478006
27841791
936178
25705518
9805532
2033875
20010993
26527861
79638
15813186
6386405
2914080
22953880
21305865
29514337
3485434
13601142
20825347
5011755
4867804
16029453
8822823
9554604
9892953
3377232
6095387
17984049
334059
27267434
24286103
2946071
15479431
14120635
4389299
24757017
26463197
9667473
25584795
13248522
3507024
29911883
18573579
13587538
2619925
24843831
8026685
28376103
27052056
13367931
27070064
110614
25740216
22947663
3960981
9863614
20504433
2501629
5886601
19419729
1773200
8069891
6942147
4699323
1314883
10467693
16427629
22734541
7297661
29057843
3562324
20121453
1425968
20694606
6897135
16762968
29713924
29181201
22540115
14365117
24388566
16822880
22514576
24303466
3755949
22208142
22619292
15733619
6528930
25951112
12611007
15913882
81788
6201935
16221790
16827490
2801237
1282044
3298892
12840752
20579909
21637284
5090340
29504662
4712148
1751398
67115
8712713
1907247
2454487
25458754
18819883
1727030
13341133
3109308
19737310
8682067
20186417
24418513
21772738
10617028
15678269
28214635
15232452
26892656
17662379
16199057
10270039
25723243
26939419
28886576
27838035
17722890
18335508
15955139
27453323
26424420
347230
6051448
19518441
8944625
10359893
15862959
6378056
28242234
5971208
20227153
24183600
8074860
13275657
18102009
20578096
21207147
13060400
13477661
20645274
26112556
23453674
21957954
23016022
22641781
4236768
8971301
24817262
952462
14480352
11144173
6483694
17350689
13330019
5334001
28579009
13830139
9372669
3207059
26968722
12249664
7956859
6047046
19636889
9163211
6959496
14652019
8562561
8635968
547181
3989214
14650600
23955495
19986186
9633840
27579649
26422061
29147140
21112939
26732048
4856271
15625228
14919835
21227779
1304998
17525376
7808437
17506993
8880883
741305
24477422
28549452
2369262
27622383
813336
17907168
11952454
2446767
1048489
6002974
15921028
26403206
28318860
6452364
1233515
21204381
14581088
7164855
22480618
15449511
5784463
1897219
7186036
4743142
14183805
5042819
27653190
14607929
5460141
21549982
2969122
4493953
14150889
4477878
11839364
18975563
684441
11628004
24248226
171895
7142153
20079145
23479457
9141487
20359737
15376788
4126888
9411432
5479597
4873067
3488789
24413454
22232654
13406960
26364440
19118470
1801527
12958281
19428107
4223657
5339194
17175763
1723671
3536948
13265066
6444238
17811086
18362551
16356889
25243233
177849
29892911
16316786
15383585
5523116
8942953
28994580
3711173
23464059
6430690
14283056
25661628
2598340
23302976
19619407
21000179
29800599
20497049
18458021
6647904
15993765
7930542
10185530
18164575
20429715
20821247
2259938
23876895
27118062
16910881
12700044
6599630
23258033
9710328
20803065
17506535
8345905
12855635
4552683
16904576
19089625
23633037
23960958
17730075
27080829
20758397
9138341
2806655
29172349
16483688
12165135
25958481
26226099
314776
4032314
730446
28005213
1711584
28363768
22493164
22067634
4486311
3069036
5292125
714091
19395533
12416628
29387343
22887456
11528803
23395037
23957001
4260742
3736026
18904985
26496516
10210833
21973463
17158095
15012332
16791919
19165149
12571610
21820077
21185301
3481483
18108046
9759303
27095214
21502013
20227055
14711919
10660714
28490273
11310644
28428243
2370328
12319172
7019079
3645066
20345504
4336266
27226070
27368930
27413539
6470255
20512659
24044457
21156081
267875
9450516
13498943
21487748
13605325
17436473
7084086
1120006
18562454
22994435
29692395
15798595
7069305
10035073
25357291
1365349
16827736
22697824
27971212
23752433
2293744
6319594
18119167
26172976
8631443
16148817
14012227
24903857
10002238
9353085
19603683
14105825
19644963
2422609
4030245
13309168
28097153
24928709
11235811
17839373
26168112
27802542
12803516
7946076
22342258
27410789
6655648
19655496
8639015
3172709
11633177
19664675
5791756
15432801
7488517
28102838
29691577
27798080
23508828
9256268
23598197
17156718
1400609
26749958
12543672
13575030
1168612
25991248
580433
6914003
736397
4811191
9336230
10441255
4578637
5007485
1684775
29928403
27344672
24971566
12965141
20449422
7918135
21829440
19830509
29485141
20500937
10335333
12752847
29844959
20326405
23935805
1308650
1934806
22753450
18766353
7414351
6637171
13681975
27562035
9047698
4486941
6539209
22223234
6330318
761745
15154880
27159642
24607281
25861975
24127296
9823492
12733495
6089266
16476627
5426811
6879594
21926136
21826117
55581
25265376
4299550
6142682
18965798
18879735
23251808
17259464
12446811
18385577
25909285
8450104
29928294
19442651
25516950
22395988
17145683
19572610
23509489
19104326
12979932
29655520
10392396
1557486
1650106
25100542
18156555
11330597
18374158
16309536
16685152
23332673
9499965
22662490
3729836
24417222
14436400
11343527
15855558
15038819
4102509
14869692
28613372
26361039
13691739
12970165
17165605
18554518
4836382
10409824
16009615
14644685
9871995
7247317
29347272
12286834
4632415
7275458
15951013
23755520
14759862
12863997
22432756
12802499
22066102
22083764
8722102
1957102
9198930
10774142
1786278
809938
8300701
27159406
26486474
21527952
17075314
23488719
17887235
19178998
27249320
21548166
19671091
833946
23027553
12413742
205608
12535780
5591769
10850685
12336886
24447048
23553747
2670101
12999666
15586047
3853718
25434056
4296320
10214428
102669
9865089
24316766
1950526
17114061
7564797
8203013
5862369
9030264
26707820
18271540
14795864
26324715
17490038
5697381
4187037
3255096
22373560
16941047
22371065
11744650
27836275
1145207
28806717
4131571
12248967
12238230
20834239
7284817
11294316
28428137
12493032
540097
19001533
22118806
7764928
3660119
22446859
13681304
16364422
9612367
15078320
7060513
27601191
28695751
26821477
24779440
22826991
14834781
193654
3863301
23180724
897397
10124817
26741365
23378967
22624051
3057676
247823
16533621
18449519
1847060
17541282
26965752
3571268
1698779
26672616
16849975
3184008
6672062
23048954
9410401
28900134
16738524
4020588
26216977
23373603
4638325
17060286
21088811
12688133
8436019
7347159
22145546
8052021
17357668
4409497
18567607
19193710
18489487
28670869
12126054
3621638
29903879
15827
13285308
8113754
28337821
24382397
18993171
27804867
9878933
18810576
25295932
1138908
21562316
21490819
10362931
11503115
4506704
16547093
24317341
16177668
10158470
19334454
25097539
18651239
19226051
3754470
8253691
2245674
26040941
4423684
20316736
4134202
11794013
28146154
17781036
4316168
29358636
7772142
7702275
4963243
16552536
29901023
28494088
25095196
27639043
11718682
18837574
26766777
2050536
22857041
26962602
3597529
28688445
11885672
18609549
23773022
27130674
20389751
25996680
2500272
22541651
16531160
4501229
22124773
18627660
26973796
6667484
24453668
25230941
10064438
2934637
19202477
7417546
2224293
11799194
21463694
18103579
5194734
255868
9423589
29557811
20941880
8439677
28996444
9215981
29598275
12881509
25593855
14725290
2895238
26100042
13136599
10212048
23951366
11457465
19572054
17407540
14931917
21260146
28594119
276505
25379964
29138387
17262065
3491060
26106780
6841457
26831446
1932110
42766
17368191
20205665
9703263
6887017
1946220
6639452
27142816
2671486
18125386
13322557
16672079
19790803
7761269
19119494
25560981
16200764
21169313
9497709
6947615
15959846
24715159
13086045
24759838
8110255
5345864
12952209
23403263
4891674
29124070
18393922
7552583
4840838
20634515
26775721
2321379
5982570
16796170
4324398
472849
12532803
2274810
24186272
27684771
9520032
8233798
26102556
6302313
23014612
11439531
425939
4001303
21177273
13617887
21238847
4251182
13868132
28552875
17951204
821559
3416185
10483465
25149931
5184220
20997778
10228939
18859167
15215466
24559124
26517449
7319047
20997963
20999019
25516153
5005344
17596002
17963326
29060735
4373692
3004545
22124186
13637035
20277708
14543978
29262539
8430841
9752116
6253096
14023630
9967658
13031954
7775145
2574169
1425006
11220630
11579582
3842766
26723243
2926085
6906120
22102230
14346446
10365832
6648369
23530769
26893084
11272930
728665
8437702
646538
17143222
23118148
17043680
4574789
2089753
26853462
11462537
13843240
16356650
3598884
5771072
16797705
27010088
5448841
20022885
9999605
8490356
14098362
18068696
29791818
3852803
27868411
15522398
10012485
8143887
26043135
21685274
4219752
16734915
20782933
8642465
9108590
1905591
10204817
93831
20238732
24238076
2304387
15992491
29343326
11531291
25811272
12523119
9381678
4812166
18933873
8088500
28230899
26746239
1711612
17395902
7334244
1075859
20455489
7267486
3432522
4670560
1971075
18426258
4367999
4552935
5213309
26192029
13716864
1715849
19853832
24205498
28304162
659093
11300731
11693404
90279
18786762
16889537
13594092
28047502
27817584
24855941
15469397
16510225
21055607
17068821
2841493
10028688
1719172
14123775
12152654
4054923
29494450
8340058
9259728
8172356
21670025
2511611
13344831
13217667
21111160
16523185
13025715
15608054
20684947
2015073
1397495
29117050
23011560
29668368
9341917
4771506
16147283
17837436
23903753
762559
11347601
8875138
11092328
1040933
17473760
4259049
3825664
27965676
8523581
16205880
899946
12302273
29453962
4460201
15047434
29372965
3528100
3141501
18791955
11188643
13609048
8528498
3150461
8636895
28712634
4823717
11032326
22604717
20627043
8020126
21195843
6853918
2799813
8959178
2391952
14886562
2375479
26748232
25318426
11921985
25892621
12698515
3753214
5040209
2558665
24594267
18999246
7226117
5891313
24345281
25703108
10696160
9946988
15046215
20032385
7910014
11014882
14222092
4935479
24738681
24910939
13249374
5477847
5792650
27081330
27030923
28240924
4564027
1602782
17058717
5205691
8973195
3736490
20678004
1297545
26481383
11264231
25323061
28439966
19041327
89088
11763824
5951302
26201515
2405068
22297112
9185651
26519073
4178031
4190149
21426747
8838134
13205201
7584599
29456029
11858205
19103787
9862221
15678497
18853541
3030146
13313422
24591706
7429909
26299097
26216013
19924762
5796592
19136813
2502635
4971006
18752363
20400321
12262923
3951790
4020882
4247674
23982548
600492
6721758
3669043
19036114
19165828
22220321
9770764
13027142
11717634
29546242
28128843
25657417
21355170
19861554
26105809
14044169
12883696
13429640
9078487
8863053
29402078
11967930
969078
432093
19928043
18859391
20891498
645622
26116334
29418524
5972620
26652488
19995827
27114280
5617257
13484138
14048939
18241630
1398999
2359926
13760905
28871570
20719799
21356249
28724368
10559756
1304724
15888677
8340211
14405071
11076544
13938936
5057134
21101098
13272570
25784868
16202923
26121867
18990411
126549
20527756
6489259
8626558
11985772
25258877
4289043
22471715
1444200
23850045
14501018
18668510
27982083
24832942
18475737
24665602
23173821
14299434
2513450
7215444
7861997
16435552
26392453
19985667
28355657
23545682
2890970
27475871
20568331
3043325
28645833
26730473
6012071
20910690
902686
16651276
7057957
13260178
28030843
21358434
288605
12733740
19399999
3941212
26854361
18546257
8723259
11638433
25640462
4054084
19870806
16539806
20773981
16620287
7163902
19059190
22360441
3342319
5008596
3972721
23344285
26486198
22176037
9104889
23246212
11797826
1142992
18099746
2119859
28466318
5073943
4838121
8755265
3289164
23609908
9692810
10255159
10499253
13245261
5708712
19956824
28830275
23948626
8679600
26173216
28322403
5733204
20037672
22001240
27795324
2968728
25915133
4816601
25233405
9583738
28133254
2020961
3372234
20491324
13866375
7273340
18753272
24145353
4252051
26291961
12101215
12856916
13935658
19071105
14918967
18190960
3305321
16495508
10974209
29317356
14201250
16861056
26386935
25639493
10910504
9516604
11905811
225914
20557898
15538883
2430596
15345506
10086306
10630038
18154742
4393596
15790937
9271069
12401028
21229794
8614019
8724492
15163450
1267337
10562518
1680658
17858997
8905226
8440489
6628399
21535564
12879386
12260761
20723073
27639763
24458880
25158512
4665710
23169997
29343923
23831941
6720926
24423591
22098565
27816919
23787247
16838136
16319995
2182216
8994591
17529301
462356
8398808
17260021
11144783
25266104
28424120
2137653
21374339
3221125
12906999
24969788
10704637
25131196
456123
12755201
16897968
13115871
9665347
27991195
97658
12644744
5328717
4159318
28880241
14382558
927003
12130761
18377775
489966
27882307
11289116
537268
3159742
19873162
19528887
9590936
1205261
28906799
15153648
14435245
7374516
17343998
7366796
10675410
24957700
5395236
5643835
14315524
1636514
5844239
24434750
14099643
8300342
27428254
3269415
15645255
16956213
7035130
20306330
18722468
13164670
18851899
13243001
22014689
26848132
14289481
29791699
3461836
12013724
5606494
27001783
25496036
27713901
1324213
6854692
28626267
258124
28229568
29546484
10919574
25076729
13925507
9691408
21391933
18573412
17777587
23250432
24596203
20518908
19849830
26264153
18582067
8920646
21549899
23801125
13885139
2106296
28160068
7584259
24017388
14719269
16254534
27629724
14689342
8235435
11727737
16555201
27168448
12673762
29805618
13249201
22536763
7161624
2166434
15585185
4577121
21348925
6754707
2029521
10629123
17870313
26417093
12393515
2800011
5366124
6207675
22988320
28712322
13649718
22740514
7169494
2090202
17334590
8860988
28420715
18506922
11868589
6361559
6788129
13519279
29159311
20194120
12470236
588435
27815957
10884244
16148708
10142442
16775019
2111573
26212592
8842378
29904025
5796492
22710381
3398918
5455461
4818153
15137997
4578942
14594258
24334036
29818652
29021954
4566073
18609746
22420980
21039498
24149984
4765821
15291877
6770809
5640341
16458613
2038000
5758792
27911698
957921
14491780
19836396
26192417
6943278
22191099
14734982
22223687
12913678
18764297
3437088
13290250
11644360
19851231
23347171
19389946
16797674
22199383
26801697
19737752
18633315
3069224
1567202
14942813
10152555
14533576
25752361
19231804
5928372
9860356
22902047
6039079
20898421
4199418
15259030
15231770
8738057
14873372
27899938
27541223
6848886
4588595
11063849
21186642
24277099
1238156
2122874
11413606
24071713
18433784
8480557
16457305
6062091
3089278
22749526
19586215
20994823
21983575
19152961
14490349
26738622
29329104
17020407
24431471
18859733
8846009
19876917
4529350
29351058
5838448
24321319
22848728
15213941
1071505
18853505
24979062
11106829
16943763
4523759
10983291
4010453
12820684
12301085
7800647
22380367
12503888
8133744
29225392
29203590
18515275
3889452
2312771
19409223
10397387
9762321
4693518
13648595
7053025
3722505
14315182
19698414
28671656
23202038
25589898
15261969
1004456
4212174
14946388
21535275
4665022
5802439
23082626
17451300
881471
16048755
20743545
22268360
1354410
1162134
4473725
24509083
25607099
21035747
24076630
22157938
14891043
29040826
3742394
8238857
9029684
21046833
6363823
741229
3285081
27862048
15278172
4146472
12102157
23271547
10783738
29939082
25527089
8152020
6863644
10446612
26546262
20313890
4210241
6713424
3965030
22686615
26569510
9433319
10078470
22739474
25811195
5250156
14305495
27035441
13506304
6584452
13308027
9063744
3790554
11561675
3708725
26133151
4106350
1039456
28954955
23124625
13799347
14313027
20423283
28198139
14491388
12292726
5659812
4600308
5739825
20959972
12551334
22006163
3898903
12569738
16472319
19816226
7781255
23250566
9332133
22860262
9287374
24805618
21561508
27259090
16905954
21597191
23327643
29760131
22850470
7703110
28863178
9265703
26465751
11537643
22742482
29406842
21458371
21600549
8979312
8917038
8042901
1919495
3997581
16640170
2941089
15567745
11436193
23053248
24935517
21178059
6627474
10389121
21732063
21560410
18273443
12004153
13734969
11326921
14019142
18074595
23123902
26311764
15740044
5699858
27783696
19078379
23185593
17945969
5842981
3253534
22651675
29289884
21156304
28282002
17608627
2362574
26793265
23047446
947254
17667214
19668232
8248828
19978806
6388954
19397780
22372902
26755520
11415042
1540674
15187538
10750344
4321574
19197915
25270401
23673713
23804048
22160641
21390205
28485347
389020
28314140
23794177
25863908
8332209
15979481
24635382
10441189
5204085
23475368
7617960
20665012
27262516
7041702
8701824
20244777
16332073
24872682
12004569
29196027
1215026
7694300
20738249
13655282
23489962
21258182
20873572
14250163
15394934
3381489
7285360
17394930
12803295
2821500
27960605
8925503
13887773
3391359
25983373
23364390
18157583
3268541
24500969
24621970
25090469
16634991
29742810
8548590
19933192
10460764
8395014
24989296
9497145
29423370
13462866
5738336
9244722
6887423
24125162
2257471
2104595
10537407
22316855
29478025
16680555
26638880
25988895
2731060
2555215
29815459
26071077
16759279
7631510
24886912
27412946
17171506
5675003
3702577
17547784
19394280
16105671
18005455
22175920
14213563
20780741
13452694
6455281
29195551
13100448
3365292
21584927
12639942
23909385
5126332
18928262
10271700
6492677
2778840
15439128
26340114
10526278
6339313
861188
3627754
21359562
27058673
24366505
18758737
28318231
11055913
15099131
1144418
4766850
8412564
18405222
19355479
19203243
26396710
9620161
15419893
15859595
29530963
10120118
1347946
3638561
11176954
14590231
27088322
21330673
19245364
2381716
48229
4869611
1477248
27610356
20759149
10859813
21313322
23960049
2992279
19737399
16222149
16610737
9529754
9337674
3573752
4910528
6400889
1927397
14804008
15289546
19634901
16240711
18530956
9483768
5796243
18615358
11011042
24720289
23734917
9796096
5382818
27214734
22408837
486071
18685111
626129
28146005
21130404
2240679
12935151
20671273
3069473
19218318
21061567
6827514
27538584
17778717
6518054
29668405
24804537
21387015
11726644
6812716
215293
23377901
13478520
28480745
24334418
25496126
5404521
26989376
7861113
9641302
7855521
15433736
22984176
27670882
12352009
27349677
6089108
12541506
29494507
29263577
7436709
8276000
9501152
8520927
29756038
21074535
13010383
8989703
4045417
29411048
27571790
26849416
15167057
19811819
14947452
10721571
17401553
8982325
14994037
19531976
6820458
14787526
16260953
24727679
14651538
16710489
22455183
22538102
6630945
24788405
25235705
2108165
23110545
7140005
19730802
12224419
22415691
5199559
3785805
15309213
3363310
17393846
4709744
24932140
10551262
18565759
3981022
380818
9615179
3369112
23863459
20887029
18435467
5831305
14529418
9703062
3486312
26737577
15984147
22884626
14620654
20425702
26996900
9465816
24275456
29875899
20957735
18205511
18731339
14498958
15000830
10182716
13628999
9936704
358579
2703029
28920577
27688306
21427985
5193749
17700302
7399899
16339960
13894978
29558287
16307147
11351214
13241002
20163953
23669543
557862
15676459
26672635
10606423
20690339
12394617
16552072
6981773
28815214
20100332
26404059
22153812
23623244
1703963
6917979
9378956
12610232
21828384
28447128
24408380
9479885
21851098
6426018
13722226
7744181
5989362
16142774
21630484
12753116
21167993
27941892
28043353
11325721
21940582
15573287
18202190
26102921
13155677
4391230
20730503
3037361
6502189
8300465
8010686
19352342
23537834
19819370
29634219
6398541
1604885
23667939
19234171
25306297
22707526
6409859
28431713
18429720
15977865
9031217
18008440
375828
7936993
2475175
27348351
2860037
1634564
8791284
9940245
7178714
17777604
4411907
9795561
483777
2620944
28828222
1984344
2407289
12363162
25830089
4686413
6265208
24649870
7936865
16249306
6916312
21576464
13230722
16572902
15509587
26160999
274935
8338382
6182849
23541177
877136
17330629
12703016
22996167
17351087
20776457
20470212
22095016
27827710
29883242
6071106
2801094
19571357
22507549
17367329
16184425
4671125
15161895
9470269
27786996
21625599
20822744
4920710
5478103
14119300
16773576
24412950
14534722
28538910
29419703
10996537
16980341
27964512
6655854
15928972
25109178
16269966
7429808
16231034
25981706
25597701
26682199
18553056
9082578
28298722
4000367
5144497
20269929
17764532
14936890
14141849
13391908
11689329
4547805
526913
25374001
9532089
4382001
23972546
21814087
528554
4997788
5764779
6217868
6765136
16680750
8287493
19793819
21303370
27403014
10960950
29460190
24602619
926957
8756436
2995754
7448359
14714973
26606680
24443588
19316741
26799840
11013552
18912872
16510236
11517522
1826725
10807229
28768865
23383656
18366383
12765092
16508378
18522403
5647886
14479963
18802055
3470382
2144224
12978902
4001860
22185140
24960153
13192894
12648515
28981033
281983
6656336
18762151
2833483
110964
7373458
26893857
7031486
27321345
12960380
9754937
24163932
14503883
23960811
27954975
24496620
3257449
22198029
26956157
11681314
29296226
11869884
10707446
26023438
8543366
2087083
19550506
20357746
16929810
4364099
7898306
5277143
2036425
1525437
21341848
13312150
9177766
15091309
13233015
8434301
21995441
12858248
2817763
3048000
20870491
20068076
13051336
9151763
236605
10785740
19465665
1378837
342882
26171098
16317643
2328025
899765
10172645
29331785
27930967
12350761
11955744
20174273
14889803
19045518
27312574
29607166
1728260
13718371
15887799
5263364
28759946
27095409
27020881
8966672
28341741
14975670
8368920
3988061
24033377
28071751
24229380
25733928
9982786
9493510
21219413
5791934
12357346
19342736
18924189
7104358
9180088
15417143
11144665
1574860
12209800
18123755
23280662
10588633
10212408
25638487
5613618
14461876
1028679
17145294
24415153
9373978
6253041
14550596
15967270
7158842
11790164
27614607
15570331
8782722
28407992
1468344
14220412
8326732
7931041
3967836
24863088
19320740
7196938
7456322
29018436
13251612
4350641
23409597
18455062
26142742
8159558
13507461
17580162
4637110
20957872
975855
4298742
5021420
17078369
11674784
17897710
20902634
19944093
29040599
2360334
13840878
3799586
1891771
6504853
10129570
17618048
28709678
6350748
15765970
4012374
15585904
10138472
22553629
20574940
1301948
26352805
10988700
19024046
22418308
23121077
25878590
6542187
12403094
158487
21998664
11180926
27013244
11479013
26664964
3438765
20944511
27656115
22335148
1299433
21636289
8637250
13109717
20518760
19870006
13872250
8201635
2222148
3272713
2449008
6376378
20906530
4439425
12676314
28736421
22069570
20704145
3369501
18165941
19813369
23879055
28098832
10045901
17808270
24699654
17610036
10692212
6664453
24680541
18054089
11939952
1174551
24007256
23283841
7377475
4428987
6408043
870709
17008423
27951928
11026506
10613523
23531271
13289298
2342687
1428583
18987850
2100499
24324499
22196409
18013180
15376761
7653991
3732289
26204272
23404416
1540013
2789562
26662395
20857284
12130281
24212657
10583719
2933416
23413800
4334098
18663508
6466881
14263748
12014181
20570322
23662540
7277164
14284612
13902519
20270729
14500402
5867470
2423672
25569058
19595002
4483904
7448425
17296698
28516468
1502069
25169813
24374292
20341228
25440479
25949081
233725
14117013
28483723
22420276
13025444
10804252
7328129
11956298
16009260
17604668
2726715
13397934
7895614
13325585
18604041
1449374
10203634
11779863
28474824
1018407
11304311
20303786
6209139
22172269
25132368
22648484
14010500
25452527
7247858
10644215
157528
14277198
6789763
28868259
12222004
4443224
26548351
926377
6806096
233486
12587655
23652055
4601093
23028977
26996747
23018346
27376470
15586305
1958198
10538608
12770781
19586550
13474109
22958917
19441658
6876597
123172
3379056
15927965
27798877
8082152
28107921
11287979
3859967
22139979
5957221
17934640
9135972
22434419
5709703
1233506
29055353
3132677
16280524
12173873
19534389
17823113
29924281
29783020
27011171
24527095
14306729
17493921
15940606
8976569
21421349
7983155
9878255
26757779
24670225
17731236
27788873
7332815
2420154
92741
9297906
17301059
1206843
25157977
8214836
17549147
21970856
10013823
11356677
16629244
3540930
11420882
15700427
19457768
11996524
9183578
25281919
15243344
28559524
11482042
4564211
20514077
21372289
17872072
25618478
19925038
25409210
15747064
17373825
3566255
17204959
28035617
4929974
6743483
9959415
11484603
12863859
25870757
869549
24779728
21232568
27321487
26825333
25101514
18315770
3644493
4052028
11438377
25320847
23403465
27251066
8983689
16288350
28402470
619135
29764388
7406828
4078669
8422359
23885886
7501421
16781679
3161613
2255269
8120045
10003254
25905581
22818780
24401181
8123302
11078989
26772393
12968768
7816331
21481076
10450155
9301594
3796134
21236215
12262073
18798779
18525765
8528927
9887110
11133970
9179423
3951657
8646250
27661773
21107245
26797010
21085621
16917924
9516335
27484558
26814947
24192435
11967260
13908795
9639560
10432078
1802326
20447324
16457303
17637841
27280896
8328118
3710353
13997801
21907130
3754760
6551455
7144844
23536059
24214807
5326761
29188738
20486981
11092436
6717839
29709543
20602368
2640499
10535041
4463068
19282570
14076979
29974820
27144401
1781512
26398619
20049552
13454777
20718078
16322399
28861730
3014103
9101414
16509446
19399608
29409954
191407
1442061
22263627
9404734
28101466
8620587
2055864
20708358
6544622
24545498
631472
19021692
23637126
17444687
7559489
8535093
11123322
27892265
901638
9973222
10713970
13058369
18564809
12489473
468043
23488475
10460478
1633324
1490678
1295245
6462200
7263943
17459176
21872305
26110654
22373774
18060026
29016223
14758260
16725887
28666900
19278530
27168008
17243003
28287437
25429497
10987809
9460362
22884798
14525136
18732147
7307045
26176242
27396157
28731391
23684560
8827460
12001527
5850111
18852024
24391907
8699758
8580845
12838811
25624353
15036325
24477461
20871780
29603525
4696815
7552348
27912473
12543571
27749563
14999675
13155284
21375959
28421214
18094118
1709191
21211547
10391430
15641980
1708471
10200355
11309777
15205035
2122687
26725876
4498200
8507472
10770087
9542197
6523198
9815420
2753927
10137623
19348561
28818620
12782290
12657145
15331432
3862288
4393634
8310807
6970845
11737222
10027121
14544219
17243058
17617819
21644844
5270663
12121281
16105031
483570
5351114
2947076
158859
21608788
1570797
1368638
12506991
5311593
14299308
207640
13945674
13137306
13410748
17176700
29260851
13104742
13777436
16893615
28014587
415246
12284016
22547662
9374527
23213071
29116231
15323794
3398482
7617048
15754934
28211020
23145395
24489055
26300234
28558888
2386991
9508593
1917180
10490927
1168095
4126696
11887008
26356192
16790252
7762570
7835460
25763986
5828002
29188483
29198921
28236678
26061631
5063329
3105755
1319172
8260720
16142354
5958443
21871590
23384570
9510050
20558067
27452590
11338540
5415834
10144026
13785215
1714074
25723376
27693468
22030602
15310570
17596916
1115838
15665416
18454536
19044807
16890922
7921088
5773057
21690770
20915904
16575407
22160095
16909304
23614261
15213408
13973013
28426416
28389517
27862263
13276497
16040960
27814485
25307546
14904548
10415380
7720108
14637966
26578232
2464997
4400384
13577430
23253154
26359688
23968323
21479558
5153903
20836763
2320073
15563055
4154484
7180131
5208165
26971604
16344609
4676927
10782765
10737372
11510652
27867586
3348034
20950703
11283230
8599903
3931401
15393213
20264050
5199428
29214956
27051050
7180808
26003769
19929775
16041397
19655894
3687628
16246585
10184272
28997329
29354587
8890454
28613139
20650659
19209502
19426398
11613636
13875999
21000702
25263891
12163535
4280644
12704186
1149298
13761886
27100166
20912752
11298694
3375672
8995608
26391103
28569987
7166330
11324674
23418825
28683318
16895619
9526463
12979685
8071105
27330976
12342778
15266754
13071731