16708384
4967102
28620628
2396515
14673986
29568762
18641706
9840761
2991632
22607767
6342047
16987864
15471213
19274876
7965266
26244686
6567595
8400515
23921972
5329556
2837891
19080961
673320
25122490
12421022
1457540
20726660
16054442
15674413
19772013
23584966
11919226
13327202
1250649
9826153
22800894
692131
4561736
6534821
27265010
9804369
3009785
11605437
10918724
13555094
2714109
2567597
19482288
6528794
23558338
8515539
14987195
17189890
12359886
8326936
5352989
23510028
29409460
24853802
12105180
13649020
14743443
6242287
20174300
24141389
19675281
27959862
22139040
6093231
2467606
28329385
6358620
2639409
27596395
20907636
25593295
7733597
5887178
9426879
3553986
5429706
11000376
15502391
25781027
17276759
29906535
26112160
20327261
23000137
29747818
12983286
19781079
22510893
8559373
21220701
28333019
29966584
22125322
16179615
774027
1538512
13113968
17398097
24904870
24800033
26074333
21360161
25751562
25767624
9712587
506491
18159955
6101705
9114478
3558031
27384231
22757868
24793493
15627020
17644830
8729774
16352933
5734873
16687149
4467866
15124956
13801480
6569427
12661119
14789425
28253863
13322758
14372417
9312704
28779812
27093450
29598293
6000189
15606258
6838062
12338864
16657421
22156595
16586134
4334895
17447359
24074000
15240438
6898859
21181415
29678208
13836932
8915079
28112926
12228961
17994469
7759294
24035034
26852667
18061404
16199610
7242610
20634391
10543019
7221788
6647949
6236712
1785050
22614849
22017411
14392588
4510154
19693919
28986740
11784830
2393661
20143262
15392299
19222542
14394975
13133905
18759099
6811728
11112663
15366073
25709467
12488010
28932959
12297411
8917148
26348251
19388099
7908472
1967964
2704913
11731230
10990473
9425929
26512423
547997
380727
25037173
22337919
13594215
8720085
15375846
29417922
25192183
11492354
6469892
21473086
16553353
14954917
16690348
13902299
10700437
11895242
10467464
25916694
19027261
11049064
26957360
28995469
10624620
4369544
23164330
10460359
24632742
11146810
18589615
4136575
152298
13280552
29134691
27145283
5043512
23382591
17080559
19905072
22019019
19058777
20585475
16416448
13321059
3124660
3390766
3133251
12771088
27915729
15211564
8589993
24100656
4938422
14665536
6002312
17753473
25681226
13844867
25910421
20769868
24221022
24934561
9515855
18065334
7166543
10167965
760608
10600905
19681169
4306297
22479861
14028149
14120699
13303093
17758838
26993255
29649838
23030895
9781420
20600563
2620397
26232933
10298630
6476652
4161179
11492936
2313086
8737664
20147060
15902086
25792711
4027482
14785031
548058
5639061
25822160
18835819
24628892
10872826
6343914
1411546
16721120
16162493
13309799
14212599
5188316
24299830
572414
21580056
25155989
13424867
3574295
9766755
18519536
13319511
26983008
26472385
17830260
11043944
24443448
5115622
89450
29180530
25855902
6602807
2531776
25222185
1288165
14737648
11394274
14438171
26042535
24231898
9930435
4947861
28241309
27651434
3382957
14317496
7203255
339548
23113985
16444500
15063339
13285409
16253864
20377879
17404381
17968659
26335946
12716455
4125255
6907685
5993055
13661443
2865817
9619776
13615832
7437243
1598430
20431713
3274568
14999066
3804742
29806308
21944077
26761485
28400320
28180975
13645055
15780172
16185749
25458967
12194602
10519727
13948139
5360969
2339543
2769351
14542652
19269227
21584437
21459682
25960533
6910038
5933931
6003622
18114845
19180280
124826
18098689
2943595
19664508
8974664
29212849
2887958
8508822
19931381
9694199
25167376
26947825
170226
10452362
11722558
15384736
27954582
21202053
20570552
22017353
22978263
19947054
14185275
1437633
10405819
5648864
22866485
27731710
28679617
23476628
12005111
2889829
16222030
28516491
27740448
6645329
104754
24092312
13028537
13362735
24460133
13868971
4593073
21337343
6113011
14511020
14248953
11266070
14542123
14020881
14159507
23588512
14500122
24764262
25846686
4570566
5624392
14400610
7759521
15097389
13429483
23924053
19354036
9275580
15256135
25253888
5818861
20348539
9815496
25505437
15753878
8484323
9507542
15667441
7156975
19953214
25543309
18633229
25110612
25503582
15495011
14212902
9272410
3070146
23391858
1161202
15057690
7122327
27836816
16358003
23688803
576607
10114177
22361642
309243
2012769
8878418
2870947
5162088
3267910
26995827
9359805
12751916
7314119
20003188
25150393
8962903
331365
25703502
8380066
23487391
20352058
9795994
24060994
29818687
19786564
29663551
25008027
21173044
18682029
7039364
5720661
28300101
4075567
10932223
4859251
10928644
26353352
19947175
12893256
1184020
28613567
28679184
23450990
4804599
7466569
27749492
12927049
20827873
23961132
933918
23548857
9158253
15464977
25148485
2491574
29483332
15485575
28092096
16508946
12126762
24351528
1542869
18406157
27570732
17906038
161323
27310677
7798068
3172056
2028224
6834652
22626566
11858673
26389705
18548187
28987000
5220637
20489083
3570383
20854916
15016674
9579981
9401872
29593746
17121117
10764403
26595228
16992978
21712387
18044937
17665665
16191096
13756435
17391482
6594154
12119589
23080721
3138912
5044519
464063
26793903
24623703
15758152
2654493
7416820
12019560
16538884
8803567
29217061
25478955
7286460
19711268
22231454
5775881
462075
1987410
28520930
5096282
16139920
29549484
9931829
16972430
24468703
2300682
6275346
14505336
27962898
12086311
761159
6746270
2898174
20528168
18097781
27781614
14660880
15117922
3261753
8083336
19984455
16821400
21576574
10343541
22384973
19484687
3120141
15754076
5978288
710298
20702482
18543889
24353546
4962761
29711812
3821706
15217763
6341441
3352256
17608693
653566
2113499
28901123
12311086
11847653
10206067
20432363
14853265
6979151
9640155
14635380
23990812
18339456
27363219
26963908
7914179
24657837
24431915
5275291
1378922
2239553
9901862
11239041
1070017
29111590
16873422
19532005
21001693
16801427
22068040
26128441
12396916
4063985
14800575
28259540
21178631
20300577
2384810
17057282
29404099
5317418
7776034
25669882
22891082
7977316
28130328
22373236
20863683
10899068
14227608
17530692
25984093
6046904
3656030
17727381
25338783
8471127
4836236
9847373
12333645
7104354
3527894
3985077
2828943
17444206
8282165
28487682
16358454
8329564
1738091
19687635
5890310
9477184
12175978
22867246
25345482
13143789
3006810
1275882
28739269
19289137
10953806
17239395
19184836
25852564
1471485
4188079
12061464
3953339
7938430
16171912
21740900
19513878
28198545
17386722
19104362
5579111
16448597
27933157
26951632
16951654
21127199
11046904
12855624
2063038
4902041
12901740
3797706
23608845
6768805
10000395
27122861
3032812
16729416
29821061
6572987
21550686
16959058
2439544
15319218
3946133
28671799
9463206
8060504
29934067
24616800
8827108
23175510
10918309
1521486
13442525
25702297
16495927
29020475
11952936
7722883
448809
7779677
15842599
10134728
27099502
657533
20681485
3746320
7370507
22778167
25192755
22658316
21181285
26820344
20847020
2424195
890717
5990961
23203094
22739858
6328116
13731655
7079229
29246264
18979170
15957611
10688831
1195445
5990861
6854049
12710781
27682628
11051658
17581595
22631183
29980845
28427912
23831390
15585653
19415642
4261097
20416135
2487055
11907899
26902536
25396857
17625820
1461734
24388913
28570671
24470046
29913631
28317063
17775798
4419893
17572618
11187146
28067221
18028879
11286954
14275331
4442476
24394188
7149075
14270028
27956585
14513984
13847626
7786132
16683939
12229327
24314932
4055509
23468041
7609904
28635373
7264641
933127
19586978
21382891
17422469
3444577
9216917
18963005
13206215
1567888
13501704
7346805
5991784
23721006
24638272
198095
16442293
9203664
18416347
27037516
8160334
24174639
14823517
17805983
27947040
3380583
18489739
8648212
19575246
12910272
3876455
24153678
15176172
19345373
2444261
9304751
1986900
5907083
23316676
8664038
19075358
10030367
29935768
7344876
8318753
21960479
28074907
10633872
24731145
26524602
1690724
4458552
16317731
26543599
17818255
28309166
1610228
28305696
21734791
8269583
16878669
3958971
2362353
7315238
17025275
10735513
17434666
9525154
23410992
16959158
3673285
22742861
168412
17053619
27785702
6721952
15874025
22865224
2882642
18625032
10556008
19075964
23265191
18145111
20805514
19260713
18222243
21970098
20984451
15848679
23894995
25806099
18433333
20967111
28870556
19832133
19453243
2461345
6262546
2957862
5573398
7336024
14742912
4901855
28000069
22255348
17338020
29872865
6607254
16769425
4619260
6681793
15953370
14818147
26453903
8450050
11058073
23210396
2270891
16039792
16940600
20501504
9666633
4256113
6374367
23769729
18956245
18348119
10282910
17863957
9260096
14489309
12751074
15836020
20844204
16970779
15755945
9318055
16808149
13582424
12781845
29444567
7967171
21166575
9992043
18535406
16898435
13504004
15275220
4134876
10702645
14210397
24646306
12147130
11724290
17011429
9515192
28318920
16410799
17729872
18459657
24762052
24985835
14333156
14165070
10253590
11474364
28551964
1421849
394314
16612022
2034503
646447
28062369
10706831
15966938
15310895
11909676
21325695
18814534
25004578
1395651
3899013
7201273
26482817
2973893
2820153
14089295
2608767
7217320
3346163
29536970
336335
16831661
7210628
11692823
15038884
21254328
27360595
14168865
27936186
16381619
16867635
6160805
2900741
10414337
17084952
20740657
4501184
8749945
24183741
362768
20633808
2744
17914727
18652253
26171492
26879084
5636414
24122904
2362645
29528628
26687421
20649475
24341248
22510901
21680186
12535167
1605821
10193395
17574308
27215279
4722120
18831877
28636609
1525017
27389407
7162944
2710316
20312487
22702060
390266
28987438
373021
24974157
203842
7602165
22546850
4703936
13431365
13261390
14203935
21631008
25580537
26273589
2162505
24665450
13136708
17564664
18986876
19195612
21488384
6203414
5635227
581180
20034433
20816526
19512600
3331738
17727516
25991165
19272554
14933926
2719930
2228621
19518387
23580586
12722247
9646051
14866172
2994043
22446076
11983817
28369790
12717997
23527407
435799
1676617
24703344
27907647
24569128
29518077
29864395
20822898
2718045
21463551
14969954
27982021
23446515
10743287
3443234
24211297
4901413
3533004
20464988
3627826
8746996
11531460
28176424
8193403
4141157
23001709
22174621
22535097
19089272
10928047
13844421
26585386
25908296
4444574
10702154
15013497
8581799
29329358
24922274
21748918
13500402
15935275
20947246
29115899
29844094
697871
1963655
904462
8572590
10948554
8127366
23695550
6239797
22602956
16282766
4975474
8090435
19829106
8671154
15939050
2638256
568279
5752209
28499040
478709
19563468
19292778
13747901
6330930
20768456
28889138
26635912
7244861
9531256
4905784
10689831
988048
19352660
27724593
28746020
8543472
8337047
1278284
27523973
25069514
14559471
4474149
12472400
6104102
1806399
11573723
25378223
20354891
6538116
25401918
4768852
10014609
1046847
14841766
10579491
22182015
26514806
28158386
2648633
24546762
14176318
7777142
9302035
18886678
13639929
22030062
20088770
17818824
26223905
26219707
15084836
25598007
6332478
10346640
24165797
26239166
72702
5639679
11957140
13077996
10781289
3326017
24058132
18269611
1422181
18825665
14936646
20311734
8900625
10431920
19803734
23667533
6438008
16003754
29061259
26169013
2034005
6891880
4588187
27661767
29169131
1940495
18087717
26935595
22266010
4203177
11469054
28712634
5039658
10519602
871101
15884132
20420954
10152120
4176881
6371223
24696567
12148294
24503992
22636823
335948
24173624
14522263
8670828
28952144
3380225
18114233
13010247
11348362
25750329
10002973
18315132
1309093
18436857
3010486
12546568
10463610
21465132
25375398
3253758
4002911
23869449
23282078
27800628
21395328
997415
12907296
27117990
20878661
19540657
27667821
25423067
11081203
1936908
19262828
5272455
3492526
14813769
13375547
1937826
13247653
13843213
12257577
687544
584195
7548218
19530331
13307219
19513720
28664262
12376309
7388545
403093
3194738
3889611
10489847
15883864
6002303
25503892
29392284
8791883
8278677
23455465
23352441
11279572
24227525
17530207
11619774
11382027
29983596
11967160
9897246
3396747
23182451
27382352
28119859
7306148
21660360
26473333
3777306
5533245
4315318
11831570
17578301
23915284
28888761
129420
562386
20428348
16925278
11756045
5054303
7085938
23592661
4794620
5200066
29394975
17278775
22441133
11020039
745171
8890690
3250481
12823066
23696652
23987047
17325975
130208
29723897
26603089
27517407
666893
16673584
23584280
13403058
27239585
14503417
15448929
21841402
1017895
23576535
12275914
17651822
13810350
11429760
27506625
29525291
25321850
10337316
16932195
19573621
19696644
1588020
24179779
29281001
12132367
7748668
12700409
26275412
11122579
3978872
24356915
9740842
28758948
5119282
21298204
4833833
272657
18505279
4082185
25454722
22895139
16841764
14149265
4341643
17425403
20910248
16944206
15202325
11396748
18439819
20300623
24584565
23746280
6378378
12095113
18012533
27919659
10735586
11932489
10543969
2131488
14040975
18076534
4784872
12228200
4205480
18621544
19837875
6277438
928168
880174
1951950
22737755
261844
23686172
5654684
27675136
11288976
11960480
23820931
1507348
767701
7264047
22066480
15544162
1098258
589253
23033337
9306015
22964218
3454769
6679679
5943681
17605530
21608288
25117029
13253345
3557532
8182904
23036452
19597611
21052661
18359208
25694411
4321985
583115
13896066
3286833
5781524
7448933
7611346
6651025
19033145
17157564
26987698
26186398
294076
25161075
28021134
23488323
5340067
21703285
12941612
20987114
7493559
23978185
14127740
29463955
11801509
1198004
21492613
21749775
9810645
10730706
4579142
9369211
19493551
10492501
17244119
20126919
25670144
247215
18276561
17009635
20445456
12418480
12717836
25244672
8783726
27677911
21510077
14036110
21321597
1391665
3418932
596832
21860953
2965683
1634773
26812116
3004903
4462445
6543840
7789814
25278087
24301110
27467260
27920109
2257861
17783943
29113119
18088047
29872500
24142314
17775735
25825613
23483737
14776233
2962602
20184543
15620579
23027807
22116402
4372103
16336080
5768775
28503532
12058389
17879778
29318295
13676387
7015580
5173425
2808827
9207579
7559420
1448482
10916146
13620236
27477962
20867103
26257975
20994050
4091140
24838222
2374561
17629443
1340021
16466209
14556327
10529921
4944043
9038259
3180669
3420376
14792601
16337661
23552265
29669384
9367371
17098355
18556681
22907657
11747676
22796523
24158279
7086211
18044901
2898006
569972
25960815
1447360
15334180
2284754
21372757
7800738
28396192
18181021
23760639
28864723
17592070
23324493
4729224
3066291
24606322
12253605
7011544
3456174
9327244
10010390
8730910
27494808
297514
24591468
22017419
14090700
19661806
24732974
14024532
25752354
28375321
5688805
9553520
7375293
14025768
23920958
6403205
12237490
27223031
21759737
10882459
13137523
23876360
18715857
14255513
26354794
7070656
24513554
20826882
29875806
25272159
888587
19953686
18817669
15696043
8689013
7637253
28378223
21587002
3355527
25214263
24480133
20917669
7814102
4826918
24917715
17183149
18082099
21220907
29424529
10099890
1566636
27403797
7231502
8822595
7654347
5738713
5138222
2687913
11934440
15032719
22427684
17237844
25698961
2626924
15577713
13371962
26867965
13839703
15447323
18084432
16639077
24285953
16181340
2324566
12008347
22770925
22041652
1076066
12223859
25251865
4357051
24682652
4078955
20526550
24781776
6973236
856968
21436849
19167265
22008535
17330776
7566117
25960486
309752
25945892
10462480
137129
26228255
10725720
26218195
3145377
3566579
3465148
20772132
11452754
24506528
7669930
10277367
13055420
24022381
20232136
3956272
6795590
16335158
11859018
3897298
25504437
9409096
8021700
1036860
8542864
3840886
3057227
15048164
26148697
10828182
11093618
6161810
7207808
1258129
2630885
22228261
28606421
17302742
5742898
17483805
27977462
3332191
10746468
9806505
14629880
17431704
19375668
21150756
3782
20184993
1339569
16096389
1907844
14212984
19962225
7914103
10174258
21049621
22340869
14379694
8624302
22231097
20113622
19894135
28110497
19856509
2156619
6546830
14508261
27161880
25036444
23023554
25354058
7427186
10190464
25283865
994514
28095198
15661764
15316759
11877287
28841903
15090009
27731796
12142872
18110085
1827170
6460534
19308249
13845179
26121504
8918777
8685268
29364886
2722763
10058264
1670876
11027297
8640494
12024130
21742497
5639015
28144634
6830243
16824467
2824871
20965769
15630118
7731488
25774660
15297230
22417627
7020084
15336464
10006636
6268221
539104
22275464
11165875
28436898
28778999
11914328
23835203
19695280
15825286
6536406
20981561
6144562
23293399
26505363
812639
17647673
13444205
24100154
27836896
20507957
29172784
28841753
1636153
603233
3119063
571712
8528044
16651106
23065900
607881
26042238
26177473
29085473
15356920
10874363
6687187
11168935
17619306
28412708
5815838
12163288
29400096
20248245
4051662
8531820
17005607
17130536
15891950
13766480
2133082
6241534
11494012
5997096
8018866
17014138
2085044
6436681
13237038
19428354
21139718
13960226
6934772
22524905
23236401
2297975
10542349
25991514
28172772
16991175
3204666
20162974
19802571
28938094
10839751
8933481
11823657
13110293
446348
2117418
730694
21413899
3230106
8605665
2613867
14079582
11397317
6561294
12208704
1274994
22956923
8646264
25012885
5870031
26118763
9057971
22209087
5917596
23921780
27755791
10850563
11029894
5797066
26473539
17019736
27040856
29704213
3929193
22388891
14915074
2650259
26966226
10862881
15370883
11270744
5164984
20625463
2275081
4954097
11263436
25704082
199061
19348539
12587875
23146847
20029266
9096618
19522046
18389149
14949947
17541470
12137695
28906520
15605095
14125375
10919408
17073661
15031976
27082175
18207439
6519183
308879
1185814
13733406
28124092
23633878
17821287
12034046
22943680
10649058
16879175
24218861
2244525
1562012
16782169
11649787
20224826
13174474
19974591
19263752
4256704
15807804
10786646
25777890
23139681
29628285
20246857
22956088
14048133
17980677
7139290
5697182
28784209
6151171
22148024
1531005
17637399
17802831
5715624
5959352
1390392
22919635
21230608
18183654
27367753
11620155
25787590
9838614
569196
25921683
27603771
15987051
26715040
10644847
16146570
4105613
24905805
14137283
13361448
18877852
9817445
11485763
29212806
22095804
14490424
7899916
22968906
8531954
613968
7163121
14263782
18427342
13633636
23869537
18954440
4411911
22813786
12408398
17453374
18624174
2601139
21793129
595935
3050556
5939564
1023242
2947020
42990
6344289
20794571
14506456
15562537
6714639
1892475
3821035
12787083
7428759
10317297
20016957
13240710
22406426
15046636
2286022
22234742
9267305
18759459
8152817
2325073
17330114
6655375
27670337
28638136
4126973
4671920
10535534
11119807
23217219
7992079
21389923
17018697
19353677
28879979
5654739
5430859
27836543
17742370
27628551
2178355
9296990
11812424
23743400
21164035
20213418
19409717
868614
4753846
1438649
26061006
11929015
11608666
1096388
19551182
29868181
10697407
8126527
24197732
26141938
3458604
2877110
4062012
11063702
25641365
9878445
9369377
18925643
3018714
1571225
22980656
24474995
17116692
22245624
7323321
28233612
25719187
8651658
9143707
24745035
6674437
15081643
794025
26505282
25977054
23428634
14230949
754994
13881753
3244471
6278636
9737726
6340833
2672265
5514650
25672235
21926843
29239475
9895659
15542497
2634271
4607015
17605624
20849741
23148017
20782371
1613835
24771287
7689994
15744280
12528438
28094576
9616213
614268
21632780
18568488
20424542
18759625
18487213
23411505
23897582
9123888
6370631
29216754
28636065
10228425
21064345
27515912
263460
1316919
27371006
27868419
17704765
2120871
25142716
12148510
8606678
15512036
18331418
17787225
13804139
9786455
22440140
12333291
15854184
18509750
28036155
19511453
20023987
8719145
6406368
28783395
8006770
19531585
13554670
12104257
4645085
8437657
21188292
6289372
4575754
14617373
5583546
13848067
16629749
29149510
26507000
27477746
653981
20884811
7502795
10607371
27580132
19132209
21173060
29838245
9277659
4676632
23714001
17686189
8286528
28836438
21081963
24485921
6915694
8906866
5395681
24867468
88851
27171358
19075565
21429480
15368490
15078399
16608630
15025244
7350592
2124656
9737264
29345182
19737955
11644270
6335264
414998
24319604
3139529
21230466
14828579
1018068
6658969
5113880
25748347
29657872
7901028
9822816
9438153
5218086
24791164
21361471
11950088
19982186
8054895
21170915
23746892
7495528
18479601
26023840
4672499
2994425
29562414
19231075
7693482
13775019
3094761
15345350
27929630
12578266
7376380
13736380
3725757
29638532
17807719
21619575
17974668
11953460
14307997
16732781
13929976
19367884
4009040
17572086
20829872
28743156
20278831
3109801
10018930
26392715
11409929
14087531
23424699
8106813
27018120
27121332
29302640
23497768
1802779
3774392
9963259
29610818
29410597
21712281
5986261
26137206
19203450
2131472
11898244
11263546
17501046
13946898
6213434
5818145
16540740
13988331
447685
7962600
23581176
10246507
1792510
4617429
10898544
12469608
934001
23813312
18110535
19202778
24858925
13003832
8117276
1835733
26919432
29680791
5281254
1517088
18543674
9207689
11832046
15408178
16298482
12040418
6052300
11529535
19805332
14682652
24180219
14057614
15433628
10966756
16314215
96448
6331506
28345390
473932
5328911
3672120
27628970
18364931
12479635
22549167
22478335
4096967
23893028
18720416
5912892
28265857
4350540
13188675
16717929
18846013
12618615
9058434
1052913
26432796
5724880
6893581
11444740
4445595
17693822
18739487
14138724
13655499
9720415
24514764
25878779
23839178
10437686
19549215
11343394
29075097
13350531
2234410
16863218
18476536
12472023
23491873
22578973
16547441
5641693
16463022
19657348
27705957
24474229
13278249
14407105
12666909
7440598
850087
13855462
2966527
25758516
5172423
15553173
17371225
7889955
23386373
15164963
20876540
13787438
15028405
20213692
20290205
16906726
22702642
14107225
9251831
17479634
13254680
28625580
29558184
21201793
20962231
10387851
17046032
5186029
14027364
2500158
14524751
20348819
27518536
5789033
12766519
16107394
28707221
2651094
14791145
21636638
29460183
22171310
29723211
23205536
6555066
20952624
2710655
28098124
22451029
8268179
21949336
364269
20617061
1913781
1554389
29819892
17993742
960837
10083258
8259866
19011963
29212728
17775317
20303111
6934019
19217202
6740458
18611185
23093795
5746626
4999873
145788
4600319
16683594
16395447
16612243
21261466
11824960
26154201
28687769
781897
2449101
342036
22719
10911462
2328587
6102564
10167318
13128496
360945
7774257
19243410
17256489
5762272
17121804
7474169
1663345
22255621
14380659
2875080
28876176
18592111
22691588
8927865
4046339
24162257
6228425
2188158
2760411
29336774
3365682
29120320
24729484
3337015
13297123
14253729
2531353
4165970
16856546
16445785
13773637
25587680
13926778
17700435
16561023
16539692
4438905
23847700
25837093
29324738
15714738
19619736
28037314
16614243
12394264
28644155
29022774
24387152
3133265
29437248
21640434
7428418
18417347
29282136
4215717
22477611
4987803
21079376
8112925
6746111
3393754
27322
15661681
25934104
12917535
20756505
15413631
7641820
9663389
7936186
20216083
1245418
6550027
16931751
17912538
4790052
12853660
22096985
14828453
24439044
5738505
10334923
28672042
16740265
12161628
5166026
11997326
4807711
452936
21919615
7008631
12149754
5366151
1800433
21457653
14654198
18615742
23940726
26227470
17538103
16821292
14222221
19849808
20420663
900410
24385590
26027159
12331387
21264415
5107084
7280189
14923166
25933705
12434288
28667768
4120179
10362057
28457008
20641380
24283811
29263433
8656403
5707826
22972720
28210434
20791624
25651809
20947430
14067480
16719443
25128782
11828647
22547959
7639287
17239238
28461465
9543168
15034631
24260590
21008043
14279356
7590704
22037073
2714728
20481970
27535357
3849708
15001340
26872937
22285241
7681294
11362980
8923198
1441264
14078056
21116445
17641420
23185966
13351257
1279430
25855640
17662409
10814397
28363477
19491540
5082188
26604497
12470758
20721084
3004161
7316153
23525617
8118083
5439940
7603821
24271671
12148419
20664968
4430366
4810942
22251768
17089809
21137368
6542921
8062415
5486748
27929995
3244197
14068788
1814032
988542
16563427
26120490
8826561
12744144
27410992
12455867
27488743
14449869
25703411
6851842
28666605
13755726
27474893
26436800
29434222
14856518
27570387
23749833
25627270
22918256
13354488
18768152
19702791
3642958
2948520
24164598
6113608
12698109
26677590
14466499
6407982
12035403
21859936
6777647
20539700
4408680
27734085
10407249
18617659
1094099
4092897
7175340
22818055
16558182
182873
23023066
29544149
29964388
15963145
9664918
26703906
21425018
20603932
9457359
12179343
29517493
17509446
10683796
25422471
13113507
1233890
29204836
27572068
20483841
27368715
26461297
29202044
11722826
12608803
280646
128673
20145477
6903667
25547358
11128197
24540170
711711
10027426
2262558
26786953
19868846
21525952
23626999
17055407
6949746
27389050
15552327
24911858
3267847
12482009
9076664
16922634
5758795
958827
16519598
11295492
16109199
25325401
24545239
4406540
12047310
13588904
21453645
23818818
7016650
4910049
21503613
17570063
14613383
16546317
29415148
26136247
20250572
6806419
29715000
25844874
17601029
7091948
5970266
27860606
8376221
16804410
18907924
5224041
24505840
27357805
2465566
17629659
13391929
15918821
27534185
1142737
13663702
27386675
22652119
28803028
13815987
5490166
15159350
22753894
28603774
20947477
18920415
8990030
27930385
13301725
46630
21054990
9909425
26845164
869441
15245797
20265531
7959912
4497567
21140221
18325781
3223308
15385930
12216425
11468819
16548567
8049712
24706141
13811817
19566060
15654274
2361200
14418064
8989278
8084663
14124796
2879449
27008772
11812026
25125172
16627784
10957465
6384023
16307255
14694173
17956090
5585470
9663401
5771450
11750691
24147821
23424967
26221479
21255522
12441349
16219
15960416
6743333
13791901
29155101
3058765
17711668
2901119
16883584
6339863
19415525
29415533
18378667
94269
17508271
8834930
15945456
9046223
16155961
22618738
25947597
982806
16943355
4612904
9776001
9732690
8100477
28363239
16311994
17413342
15425158
27683924
24539958
3870244
6252707
15042314
23353031
26930121
22863852
16920707
28532568
27775353
24997815
23108642
16497277
12352112
5560134
4984411
7013328
13863879
28857235
5053529
8321433
6442013
28272464
22609581
2461470
25529506
1328071
7814508
19152921
25154403
26053914
7141273
20897431
21898948
6086630
7037772
3474680
26233899
17555312
19749210
20645744
8719800
7946221
12949703
5915748
873874
16496316
6189223
15913792
23904870
1768298
22083262
9501152
7695811
12713142
6169557
10074200
3032317
18198991
25204089
10633855
22063234
17200932
2347737
5100
21330976
20816149
27095774
18686621
28598406
7296246
16895050
17338882
16056781
21977654
15506372
23874666
591820
8359154
19348779
11481241
16521326
4928323
7416146
20871274
28107787
5664170
23940061
4357628
10146348
21982
18793631
2895865
9499039
29353209
29453814
21357529
6473379
15980127
27141568
20075497
11667884
26190847
18445375
2541285
15774043
10169320
22860711
11844373
14460401
6628515
9894152
19226573
14824644
9230048
28217559
22501207
21742918
3693727
22807028
26385148
7961925
29711765
874607
1525140
25204743
27905557
24993888
6657581
24458229
24013558
28988373
4491632
778195
16813662
11017542
2799282
18991075
7331892
19578647
4840101
25461677
13555819
571288
26820753
2217027
25128528
24634068
18231456
1911836
21541001
4984220
13295397
20676160
1152699
25818817
29015086
4734207
22034351
2265146
3116353
11173400
5629321
29128256
25454315
4219306
6633254
19591908
15291500
21525176
569727
5770630
26125468
26069400
15884053
3296084
10838440
14692459
28290391
13167882
7127176
4157071
11634127
2066067
19412954
13343081
21159753
13095818
26370947
19926191
7356404
7654169
29504140
10065767
12338398
5990061
10090901
24103248
9297883
29611281
17841008
17451613
19750570
10075679
20001952
5750995
13836091
5882161
3262104
8252115
24178153
25658541
20738340
1255472
17600356
2632575
13420211
7677716
9531316
16912459
13803858
5365429
12575700
16688501
8406569
29375632
11310556
10878263
4242874
19997995
21957869
19132544
16064791
17462445
11151053
1352172
1374302
7181091
14066121
26249417
11239483
19734796
11858267
2702006
9894390
7323088
10154503
15088871
27799906
19151211
20523611
10204328
16503439
6339845
9054124
6406888
12857653
10835449
9219800
24785814
17828871
28182907
5815665
25396246
3663475
22892604
21780348
17570196
29336359
16595545
25565080
7418948
5598539
18613200
5038297
25095202
1665883
7914772
10187227
14940711
4947929
3019865
9050626
12803221
22678205
7749937
1504982
17791534
20902518
3476495
13550834
2991241
28687605
6627246
5009595
2175899
3193902
3934814
9158993
13624763
15265674
17025882
11451559
14756172
27123799
6321809
10417396
9305336
4473701
729875
21065395
870744
5319392
9117479
11420467
26357951
9684725
6507538
2686180
13869508
29845076
25570608
20653299
29434112
16488349
8976373
3764931
19336797
29678274
29068184
21048100
11893119
8183767
2236290
17972392
2718749
22897482
18429763
7276425
12221603
6643861
23585262
20034902
1904939
14787721
28827978
9230440
22691421
9948303
15764665
6517758
1298459
24519923
20591773
20661877
5788461
16927719
11998430
2536279
24131093
18962619
5195256
25432573
21876247
17735517
21675878
16470143
28996198
7744549
17144228
29767493
29046734
20261370
20280627
29572507
4228844
29187570
3351207
26496836
23920564
2260885
1828540
22123108
8054681
1046344
8428851
1271607
4796484
14242191
10159876
757075
15271158
12081160
12796168
19451922
11854206
23118982
3984459
14255961
27308970
14744687
18842465
27763900
20585669
17826628
1515619
27385416
19969582
6357174
27422569
13547689
24302451
14641260
7278841
19484899
11306032
13145065
25622014
11166077
15712380
7035312
23935299
23048988
16482059
4957314
6305700
18392622
22340059
13179493
28833561
15107965
7926251
1517040
11505829
1609700
4898804
9259311
1153882
12874704
13517176
24413901
5789508
20857841
28673596
16669508
16617621
3768381
24755562
5449653
18525445
926871
27503200
61928
18522964
5349263
20138800
11022725
22505358
11531464
24336847
15966234
5199040
24421564
26713434
28951276
28051372
8156968
26400075
5126016
13970051
21374011
23469022
16411919
20193517
24198659
23411959
20592986
9023971
29564849
17813506
1018561
22516018
21880081
28249085
25416964
8769341
17134
2021175
22018959
20054936
3001597
18609270
20316317
14305647
21954858
29916394
11985693
26478201
7596631
19483944
20945709
26747808
10859372
28257073
26225228
11044938
1119292
25648849
11129332
25502909
9224514
8552643
12715601
15657066
10908327
4451368
28504926
22433169
12299726
20247241
24710133
5761996
18352597
24372308
18653502
22954139
6344719
22680711
20044327
15526302
10866183
17573566
3142699
807118
21669154
7510401
16637202
17444708
12031837
26134398
13829285
5076122
6541211
2158835
29032283
18492916
9796990
17142714
9888467
11883742
7555951
2365506
9709421
1565050
27181420
24747322
14299751
26932198
11225734
26572885
4469197
29516352
27705071
7736754
12611988
26006941
15819001
10689780
8466490
16504745
6053464
21652550
20651746
28772595
3531486
17466408
28585873
260572
6653291
27452884
8468713
23748892
8139595
18223883
1441618
17278561
25620366
23807770
5048242
28301033
20700995
7283205
18076005
4211418
8853592
11128904
28540547
14093105
16568736
24667403
15883866
20917669
12695878
11665954
3186604
20510964
13277858
29131979
8649993
4305186
29420724
18462170
5879269
12488164
14617565
12761908
7326982
29312495
25983252
17444612
14907389
2460267
3185654
3732636
5613223
1140976
3212564
4606047
15433205
28549498
7228938
24579552
2774005
12136023
27820977
16627299
25214876
4678528
18586071
13996673
14167558
5946894
6285576
16922005
15959591
1344623
8434198
20307283
19783236
23769626
22266249
3569376
14688818
25378866
7945948
5301390
13694747
22602311
21090228
7001226
29951019
5948610
16459015
28405919
21550577
28527440
24226053
11738221
15734213
10477387
1986417
17241902
21103637
4830107
6286244
2413383
7711026
13724940
3680949
20657353
1244755
6441025
26812686
611127
9621604
21879372
20987460
6389104
9352528
2426904
695188
21403949
14900011
294501
7954616
3853888
20423481
21876804
16174188
1337515
8682719
25985828
18091003
7051679
28725168
11431761
24150041
23956311
18168143
19968885
23339762
27241346
10113139
26856009
19729365
18837519
23687460
18819193
26073478
27425060
23628745
14850146
13466990
7267816
6201151
13442641
12553537
8156336
10710711
2237730
14955747
17715516
21372269
14179204
29573866
20115554
25430159
13403337
19158050
18443520
9952172
4758251
27832115
10472734
7688712
12925274
10310337
11963440
27550441
3504067
20472186
12196375
25585665
23308589
11465809
29968127
9346677
9525075
3680066
18061136
10474361
2952345
10470051
6613283
22198328
4421372
2104168
16985466
3366231
27627985
14334832
640889
14328119
1461119
14405459
21383068
26239898
10332817
19916555
23092689
10519479
12257140
23949419
10963436
18327816
8074697
3091205
16893887
25250909
12348468
16249128
12963358
1420506
9259289
9473644
15619518
18479455
9074781
24517312
27092547
22918602
13949195
26507652
11395497
11985049
29192581
24115439
12548645
20269494
16577358
25284227
23292458
1826458
7984156
17935747
3141592
10941871
69158
23709790
5549765
26269471
28082636
3464250
15825740
17960252
17314698
15393652
4735706
18572980
21903864
26410891
21782126
23196221
14729174
11024458
27631170
29244619
10372384
28547642
21681971
10068219
6618821
22268990
13227861
23694368
3403925
11182381
22985229
2113502
13597717
27963672
17347238
727660
13625277
1584302
21193349
5382811
985637
10802083
2257571
26139554
6010797
9721823
6054639
14374752
14533725
10377766
22615628
6602451
15688835
13366131
28622083
26787233
20589435
9677878
12781476
6828584
22660384
4475885
8257750
12060984
24076282
8354089
7583700
8339689
399513
8817608
7335824
7074759
15930851
8597698
21976392
3827785
28291253
18460057
28023454
21832937
6406960
6926386
26655039
26998046
23160404
4365821
11493917
2529437
1556051
17736236
4831332
24398668
8551681
17206034
3728912
10719891
13507664
23280994
2985300
23409619
19909932
10422396
3866639
4882458
25125724
23879446
28083967
26237953
16531916
29938491
5838689
7699398
10943802
11923617
531614
22706069
11235689
12203285
12901999
1916781
13236374
6236656
10370993
14360411
15236297
3612491
20283163
11408829
25564303
15194237
20057990
12195009
1232279
11198906
20308087
22941644
27571294
9047070
9205223
11599729
25242985
14177879
26534105
1754332
22846521
17246654
25500258
24655642
12317119
23036456
11746792
1671167
15654908
22738792
24886106
11946466
20417974
1926443
10793619
13759148
28560270
13489917
29144080
26133202
14596285
21721951
12360373
15288947
8994559
23633183
14357747
26374572
16431184
3202015
11935882
1807086
18084769
1181031
12261222
12198041
12765309
20108176
17569621
4725900
7548243
4520294
22075595
17949790
19760892
23354671
20190461
23932145
8562403
12465103
1313729
22265041
12309830
29320234
28937539
16567482
12148105
26845508
19311371
7350508
25659783
2402072
26893941
11378427
18471284
24048307
4037344
1391286
15383083
1713804
10231997
19314590
14838212
25678656
15890906
6767821
10233348
16627879
12718522
15607459
7051934
2921887
20613877
8333059
23567735
3584666
29458044
29895018
27997153
14244481
21694231
423133
24872514
20274916
16123472
22294135
10843197
11361161
20808759
5545210
15862506
27444666
19939607
11443664
13800366
1907549
22604009
15133474
13673382
16536311
2190236
4552421
28009667
23779083
17379976
26293957
25844049
28968
13460410
16284979
648544
9362781
29360942
18750394
8299688
1497427
9241693
22370552
24491289
17248547
3161785
5271920
15249564
23434238
12046100
14888279
17683920
28983035
6361296
6853152
16699007
11883481
19142483
3621295
14687280
8786597
18249520
13394590
1939332
21029066
21150128
14521497
12934146
27756730
19217503
24717508
25135134
20577913
13110689
23927693
9622504
2344949
19354462
7107881
5270703
10839738
21010135
17271990
12916403
6341244
15212571
20597283
22240433
12028467
25808740
5669142
16759763
3878950
25957901
28764155
14416914
1362648
18600820
10998401
16637422
22874183
25581100
23234450
5354146
9416887
25225903
4294332
121272
20990251
22674512
19706694
7350730
1878172
23277539
14373113
27015228
23930732
9862362
411059
12421264
15840873
6894143
25759679
18746234
24498648
26790359
19729853
14310721
25933420
22721323
15627356
9957892
24808718
24563643
13712798
25110049
16723219
12839678
15554216
26801767
28552187
11945866
4300023
6748718
22363090
17393587
17156525
9675128
11243893
22911796
17024959
4916934
27384332
959616
2609959
8262583
20441323
24660266
26263505
18076432
5360496
28734517
16588935
19292543
27013962
3172909
7939699
17712112
9379878
13679422
26611648
18856427
25318900
19904820
17833732
5283803
24186676
16225227
19035319
26654350
17694079
22972323
17371520
19949401
4545167
23100322
21869426
22199702
5690951
27835588
22339947
28490276
20928244
393486
28131803
6320642
16905717
29575010
10283904
3536351
27033505
5040646
7030059
19577857
13212928
26759146
17811762
29210764
1436175
27740263
25974081
393309
10100382
13901303
11021125
29598693
17885162
4175807
8018313
16182699
15597516
26782090
15290487
6686604
17154062
16953492
28613769
462277
20649278
24735351
2180548
7035042
21352640
10863822
29741246
11736271
491584
23761755
12976664
27601724
3714148
13967659
8536532
23724706
19556165
10691862
20934173
14381492
27163698
20884402
4952226
26498314
13559516
17179366
29471121
2977202
4154077
11447726
7843654
10656757
10505669
6218178
13067362
6185266
29802877
20328920
3214533
29018538
29326568
2241975
11743445
23853984
23170281
16205247
19124272
28026562
249424
52903
21825318
24433213
8529513
3430556
773021
19049752
18835557
22412802
22860406
24196221
20040831
14277710
15245295
19073515
15297879
18711808
24943193
12640402
20152122
7307027
12507509
20636301
24465054
1550254
26944954
3123753
23030242
19672579
15165016
28484075
21969706
19433869
19608197
21619072
22056790
18793486
28258727
23202537
15736563
4673677
17710183
27507141
18491665
2529485
9411055
16352984
11275228
14429043
8915201
12566647
19221412
12348478
22858741
26633227
24824554
7695057
17175160
15170628
6280800
8054181
16303259
3852976
9975496
16107221
20602237
7811238
117285
22073785
23603911
21459780
17566016
1704620
295412
2590551
19770301
22813988
27889991
7763687
20229084
7402496
23030397
25640212
28578272
19093215
16950021
9815129
29527868
14918795
4615436
23092046
12072279
18832726
17552554
9092258
6314594
19073124
1229393
2330822
5720950
12591308
1942856
6358082
8241210
1479927
15941963
1699243
4182340
13436453
11261902
27562542
2006215
13942384
10213926
4769933
25779915
7100594
19234186
27227509
23161913
14895677
11800494
11276969
20415840
27867542
15411846
20112525
14475386
783519
7391994
20895658
26931947
8723002
27572998
2638356
4473977
22403890
8513900
19294806
25792213
20074917
10409791
4674738
29053122
8408494
8118687
19191058
10365028
3690423
20892152
19777623
14650198
25617454
9226872
3455428
12389100
24050015
19736099
1602842
2584924
18384133
15723441
3996383
21314511
14120530
16631514
20904365
29748654
16555660
573667
16082223
12924300
23046669
2375935
13380257
25812401
20133886
26439398
6406528
29622305
28785409
26291408
14332487
28333823
4684664
28316605
21741609
9252862
4245042
24782949
7809566
15416050
17339441
22238384
7097761
3757998
28221497
3343207
24097480
6304630
14763584
19767181
12916547
24540422
1415376
28707699
23259666
11051098
6835016
10731722
28532895
28017673
25312201
17721161
3823377
24787846
14001075
14939204
3908568
8983065
4180805
438795
29259356
6466379
1236701
6005017
21931644
7451913
24552431
15919068
25383364
26639469
11522352
25283409
18148687
7529342
9823798
4564287
6735397
12450840
27769397
26924916
15723166
16560986
19844192
26695804
13130206
8984141
24415838
1407723
32188
10089635
18274416
20080316
1952174
22895368
25087990
28559272
28461849
11517890
7443306
19131152
28375233
25565848
9743292
15782955
29516447
25640905
22841052
29468963
12965081
7281876
18446845
633407
8024256
1293126
9279231
20808928
29027845
20529140
17883959
17427481
24992643
15405046
21985096
1672659
21558818
4251519
6341123
27562688
17705298
5653013
23541724
9612378
26455790
2252367
18617284
2128814
18135547
26568331
15711044
10092389
8127583
10489039
26446438
21768584
6952804
327873
2316689
20147112
11545962
28366097
18448614
2677655
24721347
15991123
10691698
8722023
23378688
4031312
20600272
17417920
9213375
8819599
18938004
18412825
28252220
29062803
18155252
4263664
12822238
6877183
8626313
28771142
13459305
28289917
21720358
3305366
19285522
719856
22070202
4940188
27538565
22557639
2740930
14851518
20656144
17591166
8918220
14380912
2326141
120313
13381269
21683472
5125094
29202491
20456277
10793456
24948257
9718627
25427422
5369007
29517181
2774878
5386503
16206624
4453596
26611977
1519977
16119692
7452345
15592407
23488018
10434695
5643283
10736063
8894207
15437260
18180519
1646414
18261357
26870232
12359962
28882457
23279616
1688029
12074089
16133043
27472765
20749660
25006884
23056958
26127164
8459574
6867331
12244844
8808295
14557380
23189019
8824479
29840253
23771252
6360656
12421658
10476815
2532541
17045993
16576458
28833662
17528121
13177826
4299012
13024872
3745640
14664461
5297467
29986031
16098071
12821542
20575330
1656033
2203187
14045576
2025324
8796543
910421
22116955
15526614
6627809
18446280
25785470
4905925
10488174
13878852
23504874
3913676
20899858
19436989
24260962
4479956
1142370
21715369
17898676
13998350
4356529
19403269
17650993
29023488
15438418
5995515
948693
11497873
28405962
6564896
1985592
750129
27478640
19850656
13458170
12686613
4051315
16542257
9408910
13663789
26172
3151977
27535084
19481592
29248027
5939157
1533602
4525741
24249453
11553323
26733104
2585724
29094904
1443583
12952044
2683031
1261448
1722786
13601349
19759794
11889576
7293046
8212504
26130802
2768428
2646067
17376306
1824530
2480976
14719707
1645275
13219347
28377002
2186491
27684755
8774431
21506630
28298181
12810675
974026
8447604
26905164
16967635
5411114
14621461
22227110
24934490
13078673
26760825
28161987
15063663
6153331
18471703
21269534
27612513
8017473
5388912
10841465
4139769
27000833
10829046
9994065
988705
22555584
1337258
107436
17037218
27973917
5449014
3533499
24158188
6472368
8637969
2542189
9841243
10297428
21436337
17203894
19842398
290166
8774617
938939
26467151
20564077
5824441
10233042
14876804
8665709
28049571
28316146
10622329
23832841
19485582
771244
12482085
21191818
21795898
14773334
27373233
26227918
6215488
6458268
4223035
27202836
25506739
18243365
22671101
23409970
13383456
2727621
7294728
8323814
28061202
14604038
25773609
4397866
19874825
9912036
26028313
19389011
2717427
25159826
21620959
19335576
27842328
14026767
4331753
21011692
16064608
22965926
13140563
29373288
15061162
23865108
13896130
21826701
13921541
16697366
29859402
23029702
4025538
12703641
23288214
23315010
25420394
565119
21361509
1030260
25521427
27952889
14397891
5024843
19649604
25994296
27817242
8188815
12311688
2371234
13122101
4895166
8734972
12958305
3502032
8123651
11128589
16762625
19694727
6168390
1758120
21175836
5054867
8197484
84716
961584
2218869
27765341
2592983
25198117
931012
23136626
5351008
8549164
13892871
7600739
20710285
7570462
13015784
25532446
17212561
11045422
19206973
24065756
29470013
2942686
22761495
18723337
25135988
29019813
27461006
20195185
10416026
27174318
5411545
27773019
5205174
16824488
533301
11600992
20174307
6188401
5525131
18127480
1092616
5727265
27571908
2321544
20957549
7892986
21577562
22294203
19584469
13551721
26888261
25267974
6778516
4147284
7076122
9193769
6281887
29855993
19376480
1285294
18989469
27158485
1093047
21784102
7624031
26644268
6923916
20563668
21313718
11177792
11976010
4266031
3132622
6234756
14684100
28123479
8286491
10522137
3761159
4474765
19597665
18365161
11729604
2044123
28991516
20571304
13705863
6075323
7955123
26731616
12127432
28770226
27169843
22449971
18700067
27068216
17666305
23850174
16899386
11472877
4068490
9899267
1593276
21403980
28079099
14593225
19600499
6231876
25120687
28570868
12275488
29825258
13369404
27288011
321663
29330176
10072527
8451387
18042452
639714
11150152
24860192
24705207
26453689
5998968
14953852
2630643
3156278
3390127
2344218
23262337
11634974
21809371
22874686
27326201
2498639
1301778
9406842
25843441
17034304
15585404
18232095
2384986
12374954
23241633
12167049
24570704
1198872
14184759
29103343
23293380
2076876
3688811
2221334
1662946
28080733
3239267
16684103
660232
20523263
14059679
17770728
4635193
4950946
27423258
4432446
888543
21961690
22673681
27197880
21409261
2264763
16346738
1323552
12703194
27245146
3993097
23685565
1026270
15397927
28330362
6230750
16804606
12512590
13768926
28730467
25865410
13967545
21984788
21387094
16250266
9050525
14197719
11747267
6588045
16880312
9943612
10630473
22453425
3210455
29153125
10279139
8807961
23830199
20847852
3738085
10134585
21311592
8479798
21695360
10666107
17644516
17836384
17585468
10809570
21367270
27119309
26800956
11763270
5000134
24363442
227695
28322022
16611576
2853701
21098102
8422949
5065531
9382908
22784342
477665
14473996
8648850
19530684
6436401
11206600
7043566
1939402
22310657
6905804
11983861
593148
6842523
2969579
4591319
23126747
4449052
28271115
26002447
6319176
10119863
41757
15963754
9158574
24002173
275455
26689156
11901210
17513465
8052096
10300138
8179797
13237374
6544709
14813787
21940561
22297204
24354588
15436649
19737327
26255605
17276455
8511935
6364590
12054627
3957862
3079086
8837056
249636
13184863
504501
23489153
28435230
16656792
11670585
8628206
6236127
21171634
17461891
9746193
12895360
21440288
3131898
2847494
22871505
7924947
22099644
17800822
11497839
11267845
7865333
27321586
14632584
1352176
16734418
9709660
28252151
18060134
9434134
11512011
16397041
26197039
11761448
20964416
18813808
12518360
8841306
22381676
10521649
903195
11717818
3241457
6054501
24886711
14640003
1346638
22667858
9343779
8699159
28748137
12989332
15220695
9642480
12216924
29775126
22728608
17414902
3997777
23437587
17744809
5854198
20108816
19412048
23232722
4132430
28375524
1941637
23276157
12760600
25385407
19037074
5994452
18011691
22496241
7218854
18977942
1428346
12065880
21519834
18720161
12396154
17981080
26847466
17126710
9806914
27660801
12909306
20852596
15233522
21432955
22611172
4704539
18214303
23762169
6911532
21967950
3979394
24655580
15256605
5660115
9024751
23510868
9529898
29577226
23997070
28526287
9477392
27103477
16633599
16011708
12926195
7063323
3708123
5058389
20146939
5689439
3558159
21402704
19281130
7596706
16611860
27211025
14649736
15252746
21066076
16867717
12969929
23697271
17218804
26296987
18710770
23706443
15044638
23672815
5322100
2795031
133348
17210293
22077073
27542782
10242521
17880123
24001445
10852304
13500242
15853123
26925361
21597425
20388364
9293761
128413
14476814
17937736
6430442
29823693
25170021
16472942
26092217
27401656
1569995
19518368
16209891
22581317
1960695
7397204
15941287
29410225
19483454
26064865
23492395
22736261
27344043
22259992
13575510
6860208
24150767
4464038
17959003
5386635
29960702
18021018
11124239
13548695
3580907
20705395
13976818
29873121
24716920
23932650
29555701
16757994
4851692
4959259
10740448
17031326
19878307
26086025
14695079
28865428
3244678
12256670
8103648
9154455
29686539
21647642
21079785
683002
7002542
28008332
11252939
3889539
19035761
16105477
23099517
16040174
1980797
7895679
11784221
9667613
26256085
11977753
3934005
10191100
4869805
25575110
24734412
2881564
22688248
15327244
13807885
10500040
20070509
20172003
5128194
22575863
26707425
6054179
12428984
29467848
27642277
18947888
13893677
6769091
18784818
26228597
9387290
25395587
10527690
4923295
10639358
27541384
1760806
4218550
1665103
5143750
12139807
17994646
22232564
8185202
16809156
18677468
28198951
899496
23604078
16242794
24282642
8279383
7468194
9075685
20960657
15566133
3073188
17166087
12465868
21032211
21432581
18649460
8855101
16415931
14977892
7675280
25503951
28070783
20565280
20165369
24278
12480625
17435812
21316643
2821342
2560820
26927861
25425463
23744699
29466632
24154819
23661773
25006012
16728524
21329092
4251276
28426692
9600762
21358468
9190987
10086942
24913216
25065754
14132340
8538408
5195952
9725074
28730628
5055311
20279601
28605208
24525361
6168398
27204761
13810468
5718931
17102365
20750895
2506639
17452081
23253808
11315374
29644962
3881796
9338772
18043819
13370806
16176149
955533
6722993
21407219
26849732
20121306
12991237
17545322
692580
6129667
26969728
21690724
5905698
5949156
27885128
18680302
3916303
16703807
27446981
5146472
26982510
10214170
2852253
25874347
9552099
16550909
13073460
10198034
1348086
9282419
3079543
11541482
8837056
23774925
21368801
1083929
19466336
2580198
12325351
21671041
3135711
8052997
9640027
16930716
16362540
22948899
1780678
6622235
20846267
18669377
27714128
19249687
26400429
8882493
21827345
4694230
7113825
18379474
19336068
5808380
5713418
26031243
21687580
24978058
21366353
1190974
24771599
6665832
28685336
27343255
19101679
29050817
17156618
5418872
586204
12877017
24947995
24934542
20733224
10016632
19473909
29397300
18047874
15221302
28281892
3494796
20431362
6080578
3448641
4874098
18985318
8837745
24516589
4771149
6721483
25931444
842451
1074377
3184750
6922579
19750058
22040647
21923843
1547621
12700333
28456091
4337618
6577822
21979225
12363918
7095885
9707747
7353068
1972967
29845113
14188384
23886596
18250481
11549127
18826718
4177344
17225286
4455995
23517291
22320267
6585868
5748217
2645834
1164268
17508390
16876877
8248048
24429374
3193046
21966267
17596427
18340324
3906054
4974656
13849279
22536735
10922686
11786262
22084554
16691031
3378761
7094550
28666123
18246677
16041286
8690080
14315934
10805645
9486733
13880287
14316520
3564561
21319183
1717866
14535846
15776117
10589141
23248652
21350033
18008273
19112808
26596190
27436746
7961539
19125648
25464264
708789
12491321
22863042
27942668
4976231
1140501
25888640
14694298
20004907
26593022
29218467
839194
25184232
645588
2609292
26224925
12084246
15343758
12429899
11734425
13684121
21531217
21090662
22537787
1278053
23565874
27656116
26965329
19060045
26694405
23966355
25398426
7906383
18607784
28988877
1012492
26575280
24504402
24265699
23153393
2708991
12212823
12079058
19735555
9428367
9488502
25678748
18501794
29984978
4534163
6687729
15224620
1104690
29614970
28219062
6849900
13215499
23640594
8009739
9840475
14110432
21305547
9400645
15770816
21735307
15128019
15192263
11374862
5918061
7633422
29672088
12001954
4457759
25496318
20305775
25770952
9944305
29451120
19627494
5787756
21262802
22494006
21764918
27626518
6037613
15109387
18333882
7608508
4981879
7406687
28474306
6111344
5113511
3332560
3604894
9648773
26384218
17481775
10648852
1217913
22701253
22019563
28561365
25744880
15982728
5268375
22893702
18201530
5835940
14984390
27948127
11784695
11430176
22135121
28165501
17467901
28392908
15466770
18392892
4791852
16055544
20510535
11451591
7615570
16365269
21460627
8469715
4436423
21864696
15298108
27183149
23310811
13059275
3780504
1429333
10594440
21992541
7900018
20033203
28296685
8457649
17590217
23026146
11354261
876088
20910194
8069945
29738881
8418805
17399383
3944988
27571009
19745466
19789123
7946627
20813260
5999717
15969190
9195363
1518866
7914045
11150047
19140505
4686823
11058237
2737825
14460561
14418529
18205631
10353814
24178784
14366795
12160238
6700143
24559460
8003600
25891172
26233849
3465743
16719390
5973944
26628797
21641602
10432580
1493397
17562873
5169423
11143510
25324399
23607867
23038678
7265664
20740826
23384126
6296038
12114048
14769443
14460396
5358840
27698709
4399111
10690888
24918082
15129265
22840253
19015737
5225691
18098159
17331610
25659332
17618587
3616654
26888342
12256198
11054286
8651492
7129382
17925465
22883075
216423
25829433
10192405
14316881
5745405
22079009
5761204
15741555
22476716
19311879
2571686
20117623
24474571
518534
11174095
15811576
5220332
13274037
17660782
20321162
26560146
1077576
12569741
29982627
24915523
13607675
469149
3576699
8195096
21409137
4013674
26221176
16570995
28405197
2653103
27118914
25528748
18031227
18022776
1275371
10070001
12502156
1615862
10149963
18689003
11102670
23001980
24049466
20301286
28206821
2427922
22892767
24864911
29239966
4664622
18555173
22189097
3347020
29832905
14062814
27995879
11938231
6778265
9181472
17822830
5484123
4319586
6538996
16921160
13526437
11318386
21191217
26366911
25023653
21473468
11782893
14394718
24634317
25634500
16941864
169570
23769365
12544675
16993875
29108807
15987975
28717809
26178385
25825830
21184960
20588248
14022411
5693057
2808574
18612816
7691768
27462984
14131058
3640415
23820994
20439846
14156039
17946910
10246739
25722750
9665936
13221955
20191215
5458510
8651164
17169927
10752450
21878934
5888832
3473177
7826447
23930592
2172525
1045728
7236794
10275887
22424749
1997655
21361329
7342853
21755006
11647001
5827917
17205393
1278723
24393861
6235313
9375431
24442815
25794365
24418314
15317561
7080561
15721589
24387314
11716093
8791300
13928129
24832215
14378036
3245011
19618745
29388392
9942676
24296820
16804127
27780526
19791427
8286343
17688413
23638176
18072496
24320034
21512899
27427578
14412118
19307371
18820465
22613741
20217300
20581197
29969666
13657378
25444988
21636097
9122850
20750022
16332778
4364839
16622286
19948353
13576784
15325447
12300646
16906505
7555305
23910203
834163
11317097
28268398
5217993
10382790
22872517
8735755
8179281
17777834
1496709
24364301
24477312
15135840
8246827
19949056
3782584
13221583
10046132
1110186
8908912
23117904
644318
23495832
5112487
23536335
7173092
13700936
16556170
11680118
24238602
5861808
24415065
6949612
16788165
409592
29277189
26269755
3666357
6246809
7936063
1924674
26771432
28022365
19993165
28510386
15322304
12227499
8624659
13854231
4460021
27856035
14320961
28382554
27899468
7491637
27386787
16268428
25805713
10107556
17040793
16059213
18394926
8690812
26270167
19698402
874712
10487318
19901933
16893666
21672567
23282641
14260074
8590228
18245301
9448016
856346
23438330
2434766
9196837
14647046
5604816
23855877
7003238
29401094
5596051
22105900
12619104
10955244
713928
7654824
7831064
23046809
12727773
28243890
26711436
25504268
26625699
14004125
2025384
8691562
12655974
3993834
18187619
22718943
22673644
16783818
300111
29933462
11129622
17077823
18493902
18191738
20704655
6961181
14788462
29744219
23143313
22134087
12472459
5401937
70841
25342144
18464904
22546757
11930972
20751450
11685347
3434806
3568165
8698543
25419704
27466739
8931732
7419096
18040290
27272653
23369872
7959395
28122650
9568207
7048194
21532778
21491502
18627065
10731482
2555550
11274055
16773876
3664870
1120056
6184270
9423596
24463498
28851011
1606591
11482871
20271360
28910398
12437563
24775278
16128079
9214826
18631895
1443981
216464
18960351
13138433
17837794
16610488
19544349
24239486
7760542
19025109
13996557
14342033
29304049
15870383
22966137
12251085
18001428
26742873
11904304
4791733
14866955
16392266
21834667
16553612
18346191
29772235
13650074
4274878
3926437
26819240
20200042
7412692
20288502
19227088
11709214
3334850
8910830
18221084
6807477
10969690
8039750
18428496
2385354
13660935
17252089
14161724
29885628
12299485
18323567
5354410
9175452
15812477
18481265
20331061
22845033
14921716
18823811
8152776
13647932
23356342
5158808
17039589
8712386
9935832
27265853
12168034
3985696
25225872
24971444
5291552
8867459
325160
29285778
14079908
14298254
4381689
7785037
12884492
14137950
25670516
25158546
9615562
22187323
6846860
28218519
10290488
9588150
8236953
28398070
3931750
28599084
9234176
9873652
13095777
12030482
17344774
5901839
21166918
1760120
2028787
3590040
1286000
2518123
18310684
25746606
28718515
4350743
22787921
16801950
11510158
20298711
24733634
27176878
11206562
12495558
19139142
6310834
23281837
7713931
17166008
11878457
17480137
8625594
4746165
15769959
794320
26342059
17591315
17783346
21416601
16263171
18442935
16604199
20201614
3717444
18906478
22319473
4097746
14939799
10449206
6290258
24040319
29933265
28871867
14177911
15913714
4834488
18988463
3467594
26373941
2535573
12701196
27838518
16485113
175057
10945919
27991321
22499448
14272320
3560777
19019351
22583676
7376389
17296072
1042713
9912515
6524339
21940131
8625659
25841286
25151091
21820935
3375168
14422405
23151789
18228813
7111956
20303860
14990763
26312518
13160822
16891663
4522945
23886263
10531541
14757603
14014279
19596953
7855568
18090132
97629
5700598
5173497
27417408
19314660
8830353
13860747
25154452
26421938
18703777
7763964
11722907
13098236
28467548
16722866
29988125
5469088
22086965
27002221
18067997
2408738
9075196
26593463
15856969
19581189
6426813
10642736
14887383
14143358
22254686
20894405
24166245
16563316
8176348
15816410
25643825
21742635
24787757
24486990
133861
529726
22373551
13022751
12298083
7726287
24143967
17906125
9731474
7760445
3494691
8199349
9479865
6672003
3043719
13470939
6634594
2782508
20271966
3619915
20807734
22011443
6734019
16583028
5801109
28320581
7383029
15193751
3711299
6835888
14278845
2281021
24251884
23177717
12601707
12453741
19476532
27133068
18448505
12067175
25490362
19182145
18421918
23406703
17457807
22824909
4418697
19740659
26390333
15089295
17198281
20109126
10761636
16318480
10641453
17110748
21297147
22032125
2520245
11898661
16059896
12432193
15409737
12409734
26854785
14165863
24762271
3400906
10554801
2809358
27113588
12347164
750865
9280394
8702653
22156797
20085977
15408921
2903327
29625034
7812085
2946297
17402049
23161904
12003476
284334
20011702
1286369
12729063
8305469
1556764
16483243
22191676
24404896
18908457
1233799
983570
19482058
4161273
4965665
1498232
21789220
22003275
14570469
22946503
16968737
21975980
29777196
18920897
29183048
19036463
11531649
8658587
23690152
11735317
8404106
10337276
2905606
28966113
20887594
6627054
18826348
19504908
3576416
22492034
6349556
4234638
4964531
16484823
23056611
12489597
21461810
1402859
21818883
20035135
21879087
17287859
18329104
3402251
4745842
2838034
14690951
2139980
3734513
13148093
1917091
13593499
16332167
10514461
5700577
11385309
15915729
17959114
29415353
20441899
29694999
1810599
19312738
10927242
11876738
29603060
16185049
7725483
12588156
29847849
9225570
22635979
11760074
10586048
13228860
4571051
4716052
3005962
19106419
25405689
1595326
29690269
7030848
15665332
19284286
3292737
26284753
16843487
26409519
28516814
14693288
5961751
14158897
20436404
18226216
26757871
5940319
14492003
394229
25997793
11657726
7561587
14236335
25007879
22118780
21938500
8007865
23699042
5755829
23707143
11769418
10866901
28077089
18579171
27139894
21959574
22368158
26119011
14428506
14388525
25704201
14985736
26035809
2531460
16939031
11236721
15912185
20859791
29075875
2027932
10204799
21498124
7640621
1769536
4434729
28413715
12885961
15320214
5845381
25200446
28565448
19652446
10352736
2090349
29203797
25888208
27419279
11657897
16272917
1808369
26350038
18100839
15952507
29426991
7517229
20722675
18001784
28232086
7387473
941360
16260561
4797032
6816472
22003159
28357625
14221967
7185442
14331879
20820275
2069868
4520137
25322439
11269979
26785372
19026770
833930
20662194
3709244
19527631
21889708
13321501
16140068
29027215
5775059
23023693
25112606
11388392
2589569
18333073
25268779
18105927
29552636
131449
18732717
8095660
1629927
8071736
18487216
28570784
8975483
5263594
7207543
26133604
25927807
22884523
19159687
17060921
22524453
14751384
25683885
23646218
26321772
19326486
773019
29962569
4129139
1471843
10525392
9669788
28413639
4417184
13623766
5968065
17778727
1684182
13216195
1946910
6118887
27017599
9553640
6484550
6213118
18040915
18231169
9187038
12163675
4805402
10900970
9662215
19759278
9008890
8571099
26566537
5381327
3346330
1510064
29480053
16440462
2161768
27576091
11031870
20384429
11208165
594318
8106427
22423702
26092027
2539628
24391506
21332038
29117365
6318057
15943933
7244666
8262280
26843148
1679448
10551631
2041925
5272970
27237518
1947288
17881265
181675
6946760
13233601
17804976
18070960
7783722
8727289
13644304
19469768
22325835
23155159
6511746
9589949
25277096
16641058
25351729
19021555
15909228
456297
22192428
7570865
2570853
10859374
1067612
9905916
10803230
13166662
24022224
17995448
17503268
24325878
6773325
29621827
20318710
23785369
22207633
29606553
23691128
14609837
5120691
21143169
26305
21498470
29672735
11199633
26836462
8316774
3589304
2671550
4333711
246933
1691895
2744742
2489351
20327708
19054651
6641833
10072602
29712116
9319994
3465933
23217898
21741137
13820972
4955050
14485223
15308925
8688714
11906554
4502980
3480819
5431744
20795736
29188597
7274786
10300363
6484738
22629562
27288453
23385731
18002054
11509278
23070809
6432427
29494766
25292694
4458199
18809886
19836133
16289585
11568164
26784378
5616702
27047135
26735387
11914544
18161017
12246494
24155437
21806132
27126762
4048073
3988148
24390081
1723981
9523360
17490077
2244131
1029291
10393135
26919429
23755218
29404787
4100686
11768621
27651846
2213848
21337578
6593324
29946173
10191710
26121965
16148982
22774760
16748433
26532111
29396320
11193914
19261889
16832457
19509561
4160433
21858248
2660408
23147825
15957185
17084875
11883220
21404546
5951913
29780310
22750034
3517114
27960826
4592371
4721211
14953686
12018206
16515383
8962768
2432170
14317376
8420864
10986246
28502429
22638417
15202621
28373333
17271202
12419981
1779067
22175498
17388948
16754218
28740408
14327020
19491589
6870853
3826703
29163204
25588623
10966349
4820468
10486005
9362506
9398683
24448637
2056761
21397597
8739945
1943322
15956213
28588810
13733619
20642174
25688585
24887530
3485810
19959171
7319445
18948236
23896401
5517087
13735352
26196708
21482455
7416719
18171674
29067789
22638545
9310522
10976733
26284260
21904300
12135465
29856960
6953006
24649311
84865
17289777
23833289
8053277
7195511
10090478
8859236
9785777
2690111
19490584
21597159
14300038
16702327
29814612
18548138
23859423
22884930
20783192
7621868
29111187
8394705
9260779
26710377
9503235
19584796
4638940
5810839
26475922
27921049
9302106
6550591
4491164
10792424
11532770
17303770
9406585
14227584
4826572
18733960
26121280
12777712
1026078
12302169
9817155
19203334
15569388
10034319
6322520
9564799
11642616
24392992
4341103
9186217
24300565
27181534
6597182
22964276
29887633
21346461
6173094
11100053
9029707
20926408
8005
12708801
12135296
6566425
5437100
7881002
26763591
28816518
29140995
6362835
12442882
9142110
15787809
22578285
11587749
20161873
3171708
28103079
12391300
21097873
10395692
27191292
21572739
27358903
6400741
25596219
373373
19028673
27912337
18114862
8482913
4240818
7201455
11288322
19400649
3227848
28878291
25071731
27793946
11796818
24144779
134345
9495043
29854126
29385321
14236994
6593757
1174615
27564998
29669019
17405920
11445335
16355234
19565665
24821657
27700920
26447889
15152697
6658592
14610102
10278647
25980343
12171046
2426644
842738
19802222
27141826
1449563
2480468
9666600
17035341
735637
17484323
3458728
8717027
18563753
21084048
23517728
5997535
9159063
14566754
3169276
26654047
27692943
15657972
27729408
20704764
25975052
9350338
14564978
23187096
854831
22525589
14269457
17176703
10296553
27222825
13122481
15298659
530385
21355182
7038440
5884112
657959
2081272
9141659
1544135
8723132
21422406
26951422
28612624
21934539
6148667
4776299
19691118
8301791
1685633
29619527
1944258
9972929
22015255
9911214
18831955
19636218
1596191
7790990
24301421
9610461
6882199
6476083
866405
2059688
21982197
17164069
29452932
14892299
9561890
1493093
15279454
14338040
16489157
22610218
5319849
27543838
6886251
15659541
2206789
6479200
7586511
21149994
11093619
24409082
17031808
22140426
4701357
24500414
1327112
8670221
16869460
1803136
11463113
15105071
8918536
28579767
24500912
9590278
9170951
1666369
28447867
12259500
4854081
4748241
16922968
25738442
14861111
13509771
9873811
17426172
21847620
14060436
20427524
17113676
620737
454974
5553852
16987876
24377138
7926906
21000545
6127552
8298775
16728796
16089039
28481234
803245
8508099
17822893
15943640
20639493
26851355
4542510
11363870
13891874
8546472
21282371
2633037
27867473
28097793
6177974
28329337
2847547
19763132
8392944
20403971
5054755
22904910
17439663
25714360
26668361
22858070
25126826
13358738
9658770
21396914
25286129
5925279
7696184
1958783
22738324
12253232
25826231
9564273
21426857
20004213
539967
14757079
20455627
2057857
7442290
27443532
14677818
1142912
13256854
17240984
13559509
19364166
27540572
1614354
19880647
14419649
26130317
27904691
12699195
27203936
24358014
11739031
29746729
28437392
1765603
21001010
21859196
3266724
19309785
17953191
23007354
25338164
15591658
1597100
26084423
2085658
22381300
29707672
12465474
19971724
22415407
26954743
5420363
14518488
8889141
15276313
3826860
3012055
24349872
3866806
8406757
25999425
11017928
5153381
10612809
7965652
28582222
7828419
28095016
519677
27527824
15660585
11021620
17468674
19011425
6331622
5937224
21533477
29884947
28892254
27273680
2863892
14395015
2434700
28371189
9894669
25931667
3345708
8564897
23577533
20546579
16521109
20720525
15554190
13940432
128205
14809991
15856517
9008266
29826507
26190003
16945215
8193911
2904949
13524755
24098151
1741586
22682694
5396586
27629551
2038872
12816894
18550134
16697914
28453792
23151582
21230895
25188994
16317300
12308501
15473318
27777672
27223688
3054694
27769162
19337197
19738933
21242692
3326482
7656499
19733798
25399586
18616862
12724834
696698
12095334
22535585
28737650
16711495
26458134
13858139
488090
9467254
4712701
4560191
27599837
4809826
21182361
22057865
28487771
5804748
10625899
5127571
16466116
12323602
1958856
11862034
22942845
2179364
5231876
12950053
18575257
18064648
15839382
15830609
7912788
28956455
8282067
21956538
6743768
6502380
28924987
9832608
15296344
25045763
6095497
27574751
20305897
24733395
13496231
21440256
21340505
4235023
2916807
22643041
10166326
21920588
27208004
1956002
2528
19897128
3012780
16818805
11901137
18859929
28443433
12586588
8058601
10254861
19762481
13585273
21868266
23455193
3086032
24022493
23915396
2275377
9472622
5509053
19773639
15345810
2731741
3438730
11051100
11517337
14441877
29767958
8126827
26792459
24006304
25454217
2130791
2385563
7460248
29026194
24623417
19271737
19568594
8877485
29712835
21212414
23379741
6032305
21179355
9074170
12615856
16736747
10194224
25926356
5306050
2857975
4357881
23165907
26412745
26394693
585122
28139901
29923915
29582056
11241834
25293282
13014614
6973806
22236797
26163561
7652345
2042783
19342762
9506632
25282907
14976692
21302262
22862074
10056517
20723618
24071060
12487691
17758192
25179569
15661123
4390251
6415762
29681986
15848923
21809823
3592968
21948163
6712423
29099370
4458067
16947346
24481036
25484346
22173770
2967230
4059216
930185
29188665
23855711
8466497
27800894
11128956
8160544
1820774
24517761
9458054
6308523
29765413
16122566
14210743
12447520
9485311
472119
7148267
20994062
27968648
17813626
19933745
27014784
19001412
15740805
29866560
7328041
5650989
22715064
15836919
27063848
28208575
1886589
25145415
3324543
15381867
18977449
11562825
27083027
18529363
5747556
8165349
5317844
2657127
621449
2049935
3303941
10205827
22762331
85755
2844907
9760306
18586982
29042633
6267698
7425623
4726998
13479162
12981552
4908246
9034406
4855948
20915546
4383500
26143786
4930209
24031302
8702926
29233144
27636881
24190497
8572345
29270021
18840476
20218876
5807785
29744088
7195339
7984616
28337235
12127945
4155730
5516923
24308656
7145768
9816982
28336463
7853769
26456657
19914685
17011264
24819235
25352591
15744706
266866
7733074
14596654
27961828
5861493
10137543
26510388
25453938
26671464
29000637
9854476
9703874
3232999
26311752
27676674
15938811
4507572
15143704
7264197
7521603
17944737
9654122
18047111
2683022
8435010
6277057
2961897
10572427
22959883
18185517
18891413
4898745
24762957
4876031
18335081
9500449
9780603
5834320
4548719
13928791
25307249
2333454
18131315
12029082
13996181
15016145
2203581
9141619
13017272
22238955
11656534
27935425
23181849
15286148
27734378
10937714
22468711
5952961
28621953
23425814
1274836
18486157
18284325
21776062
9467824
7874218
26840016
8763130
8906333
3948510
11257030
29901581
25428443
15568161
11326788
22302373
18821894
15905801
24676688
1407546
10432247
25702588
19821933
7764075
6750137
7284102
8486595
28777444
18616344
9135713
13615328
5245008
2979709
3054891
25023699
19489643
9258037
23621351
3326706
7055467
12692480
12682407
21545667
3915989
23168122
5631667
29299789
9617511
21741016
21482875
15051946
22626015
26769600
159892
26456947
4572123
10250639
13239776
25161653
16048190
12000095
26003626
26194090
24366239
27746628
23103843
27958518
9237377
21568527
21964391
2659040
29419449
26050501
11145365
29882461
9571340
21222645
22500653
13595845
27863431
28766058
29969110
5123891
17458987
26646711
24541284
23244961
16918228
14501567
9452360
15093169
1047317
13207861
1633828
20132688
15961983
28864083
26655587
26682984
9490360
7152297
10907655
7119326
23567112
20236468
27702043
1068360
15395760
8006459
14565182
8160980
672149
23457825
26349806
24821072
7166296
13122062
13110336
13241348
9840427
23128342
349989
2287585
29328685
29601089
15063024
26419994
24464162
25347361
2484717
1570713
2707222
906593
4041986
2966455
28999246
7438517
13665599
25121048
17918497
3918487
27945484
5107718
2013191
21470834
405010
21050402
13188170
20221261
19503761
610818
870624
12333996
2176097
23114980
28506868
9811778
28430615
5407512
22963821
18577888
22463145
10323098
17210077
2611059
25988067
26417193
21900512
8786155
11179063
25363358
21314832
644329
8093017
7011547
16202906
11554460
17349355
23635539
14641958
5782535
20829605
10082663
12789177
16081157
5237672
26279333
19681491
1513235
5926731
15469826
28406564
12091750
25252221
29182179
26821279
26063018
11372543
6629087
10724702
17389090
25695882
1496838
21848804
23924488
10363924
8525853
22000752
8603722
28893172
2675775
19736782
9273994
15429777
8325409
3994145
28263006
13446385
13435431
22323695
348427
20149649
23787975
10645200
23857163
11005039
10733503
3852180
20272969
8144833
5467519
13925305
8059298
20929176
13916233
9120951
26042338
17541290
5572168
18593186
15273452
19513260
11933087
23501206
3445751
3225385
19132285
72678
6822875
16489156
16094065
1336865
16702071
5313084
27570441
7470345
7411270
24248891
1683214
633255
6015466
4435537
2514247
11267809
5313738
9228076
24314912
18260719
26218342
7225991
17506734
25250284
27928669
28020964
10061475
6734027
10475618
24423829
29502001
23432522
18692636
2511909
25459617
6458888
6029606
9232848
26249878
27050723
935393
28400195
24186095
7275629
12936072
6523523
9808112
4095853
6596883
4209284
13850175
2996349
29310868
6825903
19607333
18650425
23690604
25884077
24258957
4410496
7412475
12205270
18147092
28703083
12346813
3586173
4998363
7129765
14002791
29499043
28243206
1486585
2109128
16363879
28504975
29840323
1705014
10653228
11737317
22205627
21370762
1684525
9807878
28089585
21392367
11452526
8074871
18175506
16069536
8181340
20405931
6123877
24518794
24526099
9523016
22397741
2037939
28857390
1598566
28456480
185126
19232012
3792853
19347606
7152516
4646472
16231033
3020616
2075482
25606120
1694623
21867915
6376019
22350246
24481513
25611854
11286145
6401494
3993114
11207136
24507586
28192886
9184717
21467931
2324021
10933734
22230132
14170360
12276758
26429768
25947405
22753195
2381634
14606145
24945960
21691187
15853415
10830238
4246757
20466679
18149812
17882836
17516645
16055595
8577305
14657299
28998214
28350155
6530011
19307603
8605226
24225064
18959113
12788489
9214800
3369542
11970355
20562415
24912624
22466810
2107524
14697080
21123214
12841617
29622003
25591752
4257449
17388136
14729225
22766064
22513940
16894358
183500
22863056
16109447
16246731
9308207
14076013
11385520
24216757
27545398
16244038
17062474
21289293
11885880
24807673
12383421
22726270
22227862
5808620
26980135
22791140
6726401
7441203
19538820
4723554
16738596
20643262
23901168
2186390
13424478
13842623
15899495
13302502
8820155
27425982
18349930
25000287
17995936
12312191
5408119
7860535
7130347
21106182
9617269
10778158
19950908
29200279
1579674
11759678
2632008
18123331
24639947
24783939
755482
13067443
14575826
13272029
26038030
2493935
2431610
20310236
28636336
6367711
15173558
13708722
12437719
11044724
421205
14879811
21477758
5468426
6651422
11091832
8911514
8281202
1013043
3194570
3496563
4162913
24677623
21122085
27096073
15320141
22844182
8938035
13005448
6130282
6318897
7465536
7840950
13554817
2424630
27031565
11654823
27534507
26717911
18267172
12252120
21264541
16476121
997416
18056994
2386813
16197530
9032437
25722795
8278397
19101314
13680967
957499
17176628
6892425
19425354
6407974
17875063
17676339
24694935
3967434
20711998
15952567
16080368
28449918
13857805
25652038
21765747
16482651
20334103
14602292
27583897
12683819
7011372
11228268
7332467
4434248
6641026
2112320
14020450
22855063
22822651
20611572
8855696
26449480
18644532
10393547
24247872
12050596
6523423
4718157
8580814
16166008
6013859
18154745
7238529
17330594
7923906
13239247
13588035
5654501
18927541
29667892
914775
23034467
21716651
4984906
10898830
8471118
25020075
20551295
1474706
11963532
12517244
12777274
15663615
20994898
7115351
26280306
3076019
25527850
20587242
5973746
18787562
22468867
19084566
25587944
29811154
6850971
25596949
2445379
29085238
24052826
2003986
20891208
15629057
4238392
4326197
9283765
8996938
29484521
6548187
18739985
10387041
16246921
25734437
8700794
16861782
29599553
13196116
15609443
1462822
13897359
15607573
10459979
27830229
17119852
1255015
27094317
15772477
11948907
21668798
21914536
6705421
17122159
19925720
11154971
9345618
849992
28390962
12212707
532558
19424552
23947998
12755917
3398561
6585436
13099063
27385887
9678912
19516668
24128075
25349044
17697672
23923812
8389270
12588294
10528509
17865433
5919526
5150538
2485656
28325871
13818789
8231129
4127562
8422769
1065678
9833563
13681134
21770710
29359341
26568413
27528481
15489154
27582334
4997862
14708237
18439938
12453722
6453052
3681560
17776905
13671516
5803243
5450821
7029870
4089192
16299804
24187001
21073168
5912780
2204937
28249258
4549146
21745911
28460873
15937154
15173773
19383012
267989
20386372
789832
7052327
12660114
18438896
19108354
2281293
5124341
12207675
6516328
25454800
18669259
17727270
24027157
26778390
17458535
25018331
16428416
17593595
19822653
6632273
383369
19857222
24128105
12664165
27397832
7317695
5863361
15747128
17297648
21033784
198655
6852116
687218
28332588
6130666
3169460
21547045
23872345
2348843
19390502
12853397
19625513
29395149
19053884
4915483
20750069
25860735
4333839
21923839
16152914
18805451
26404710
10809387
28857261
23415771
1445041
1328452
22881009
6731568
3414721
15015913
10067409
2512913
5386291
19177735
6659421
28026369
12759210
28232935
21570251
12556358
20083665
26602823
16337198
23447933
13438709
7240215
16861121
10585649
8941059
21587300
1245254
2436298
21425953
11931014
2164759
21655544
12915551
5467139
19948352
5083896
11005755
22357595
2817982
26432889
16450700
1613647
25580282
21803580
18941089
29003191
13418277
3768275
29418484
2991879
4020767
16322792
8116742
17417984
16680122
20144491
20998404
23202638
23823720
28814192
19265551
25416854
22470745
29113926
20443518
18889849
6591487
703131
8088318
25663349
20408883
2844488
26307906
9910674
15220425
15752744
28040367
7585012
17239180
15328913
2999500
27349406
12514509
19936654
11207490
4947827
6489759
28556675
16115282
6903393
11096210
3475587
10581022
24987873
22768993
21358935
12633945
7517810
22056656
9853313
26095954
18336284
8611519
20617926
20754739
2322641
1674119
3824561
6963474
18215827
3467000
28419619
29018564
12349088
19157632
7887528
7703171
21990510
29383350
20436783
2073792
29905995
25294667
22791966
6851331
21488352
18866987
3112862
8536914
9068514
10352150
7555930
25427538
16671195
97995
11546262
21785158
24315034
5027572
19041049
3574570
26777204
26772080
6523321
3125194
16724317
9535832
16361171
25656797
1910964
7490225
8504024
26983443
16559000
11870708
9552452
13010431
26135459
12466875
9546817
28204718
20529827
15646182
17202525
9650681
8872804
25217871
516101
9313783
20812650
29468638
20613098
501196
6870809
13332936
3561633
14547319
16386149
16807013
3832298
14032348
13613757
1713635
28942121
26511497
17771930
6255591
18040395
26729612
22321120
3360644
16927863
1776460
13100935
9458858
22011096
16821540
24208049
6580762
24402159
22804915
27092910
20558760
5693094
13705393
22210255
22208427
18102098
18105875
20407603
4839642
29088129
5225159
18856114
19178881
25887893
5313895
21455923
18080107
23295409
23055143
25550050
1690467
20975086
4082392
898392
12502745
12132532
13877874
569523
18538950
8177954
9496122
18485601
19817018
26349499
7002964
29654694
22967033
87194
12258817
29798591
4733398
25099752
11325491
22373076
13344
467043
24588628
23081051
13154456
11981134
3989569
4105937
29376638
15782704
8672282
2746097
22685189
23769290
23294738
6488347
1105795
5857894
6227835
29894511
9271384
22824245
28929534
12231107
16123072
29947506
27623818
24990722
10537659
3720931
15167985
13989523
389113
10618858
11954372
21057019
27779367
23755802
940733
1169208
13416429
22290745
9847932
140684
24511402
6623151
10732701
14775057
10297681
14729339
2844515
25283286
3438440
28310568
7544277
15214801
14032780
24555647
11599719
11999525
6301022
3178370
13393723
2839035
16145658
1997243
26096990
11020384
4020532
2076014
1539153
16364883
13846829
25309678
26840866
9945702
19265101
4403491
13381450
20392666
26060256
16282261
14834158
13160118
20938308
23080847
26420066
10496595
17196137
7132724
26736342
15269254
2655514
8956112
6421464
26618154
25617929
23428908
20047146
19828062
15066288
5049073
21797346
10808971
15820705
4294010
25759128
16337672
14540474
17362931
26390202
24015413
20323140
8998642
22365339
26696862
664477
5649415
23084442
4933799
2421231
11705784
3791620
14005308
2462784
26171221
15998845
7098475
6283915
25525196
3836339
1843605
10010799
4541770
1743638
17607689
178471
20601990
4736912
20069791
26840730
26540961
9408199
4043819
21653394
17564560
19290171
28372617
10040250
29231998
21481263
24926934
6624549
6766955
29350016
15158006
19082382
11827725
21227851
8161111
4600452
26941318
22022943
29420310
14971893
9167824
9337042
21122936
15489518
9565888
1414331
8835314
12130508