16707028
26091316
7077394
29084791
29765610
20152154
18381206
10377417
17650172
14423350
16180493
17860853
29440732
5955547
25419323
13413099
19631027
29074358
15175099
9885785
12787301
9470614
4352969
11192128
25733650
27394665
23765063
6484328
4471047
13265948
26526907
10425791
16958558
18750851
20450264
9410939
23590723
21502840
6002152
3193090
24852301
18731017
7213002
11563544
19059335
506384
22629192
27055408
5465964
4023470
14900215
29228387
5927642
4310390
7448585
15507153
16850521
22812115
21446000
16623181
2130799
21897963
9231696
4637354
3143280
7447827
8187817
5559474
11213791
4387074
18852916
8084445
24703227
9757445
29446201
25847148
12254023
22372730
5272811
25478966
17892621
26916827
6233416
17651625
15003342
5533038
5223584
21390406
427542
5946072
4643312
13451317
12984243
5256342
2245797
21463556
20777552
14474038
18704288
15595816
29649550
19793035
14297633
25546552
9782415
2563804
12653135
19669892
21653389
2029418
15907255
16532749
18757491
4115892
22488860
27896052
24244354
2987845
25514578
3782700
5443379
23606421
13728254
20076660
25281992
23954648
26544812
23463604
3538583
108704
12955665
16907562
1969155
724986
24167797
8504000
15038796
9148156
29119896
26252668
28422586
20165268
12791602
26616896
24876987
6405374
28655668
6151656
10220066
26040143
27869798
352520
8756163
9493630
24937505
16997835
3661647
23792292
2023349
888416
15045541
9250770
7549321
4995462
8359419
26787270
18223364
26728098
5118861
26204598
17361622
1067151
4086962
11689215
24437180
11968281
17084575
8887469
9976394
9101339
4940267
27220563
24454521
6301713
19262148
17765817
27662807
18774958
104469
26519610
20811
13954463
26465453
23692161
17925431
4353385
22426576
13657946
19538539
11814573
5270416
12935961
522448
16189605
29818824
15880931
28158247
11862533
2357032
16979152
2122287
25668291
2239168
12170267
7439274
11069883
10055414
18089867
12707190
19136290
1914866
8909685
17070329
14327914
5987437
16422940
3582409
25836426
13631176
21644734
21087879
25316898
19265654
16578722
16276738
20140876
20412048
7543283
1905699
27324943
9618370
7979190
5909704
16075122
2857717
18110766
11176505
27027421
21078636
7614589
8454958
13935221
12624168
25106333
6918728
15260245
25193158
21772185
22949009
1940975
7128572
10193607
21618290
7277184
10309237
17181837
18889763
7533794
13212851
21868806
8709335
12190170
10554391
12383103
21366300
26117960
6825850
23788015
19937358
25816269
26450817
11715232
14387366
18181717
19679736
2829792
16718580
20471771
8755427
3434053
3662056
23694382
29045
2423766
13639097
29848000
1278377
21264730
16212871
9169482
27897526
12955924
19452750
7372532
12443528
26245915
15904748
11386353
198639
5106024
4956179
13954216
28225418
24827578
27537641
28483975
10505956
20580430
6521169
17953966
29291869
2054677
22817842
29092566
1591868
15606249
9628009
23351505
19419111
1127223
15574703
21712481
9641196
24541013
15176515
25150823
13775320
25031046
27904066
11086546
13276898
12749175
26505152
18472215
697470
29747788
2580848
24273123
10606858
21073705
23551415
12508868
1942488
19985642
6817707
15348603
26444954
22012972
23421496
15754791
13893590
22408164
21050248
17981896
26822461
12297039
27720724
20131543
27200316
23939237
27728975
13887801
22109552
6453253
28842483
19959261
4215980
28391428
5001416
384217
9466399
8704963
29312654
7024604
29745779
979336
14750225
20058610
24764013
29187716
13004553
29838104
26979765
11688325
20551090
25805964
28409848
23017210
3806649
15111727
7862201
28920558
14848697
25638108
8977143
24541462
12755275
23312065
7988523
19408493
14949005
22566909
8629804
3280623
24480203
27339164
8585820
11963721
28066333
16082644
23054233
29161440
22705956
25299705
8601715
5071811
11135295
12284176
12398366
3806477
16293614
17064095
21054919
5618181
18593387
12294709
6611423
18806033
29283915
4509159
3816416
7331308
7800399
16712654
12458944
1891164
9611203
10035269
15196061
28414408
6926531
25375613
9523666
1518398
9793956
2258648
19761684
1421464
3888315
23117720
16419852
3960153
23997773
17580383
10983923
27166877
14657131
15808707
8834674
11628585
11031347
5190919
18216340
27656516
11597832
18178896
14796106
22637211
24156298
6838281
17773798
9106214
8248022
14631589
22712338
7167000
3482399
15552631
318771
15463262
23199979
16116205
28179697
13588708
27288425
27652243
12002131
19003928
28555201
17496442
8636269
29231447
16400856
504460
16152312
20515444
13068599
7808601
9114460
20402639
24696371
7959637
1170050
15439712
1107117
12872288
12153395
5932736
29777721
28205780
20117541
11991184
24347044
29606785
28868037
16143558
3203102
957500
9776670
10307402
3739741
18976871
5996748
19537203
20045595
6967790
28676158
26865364
14839099
20105789
11324243
2053412
6729770
17572547
28456317
23885790
19130893
19851687
7543494
3388852
28262256
5084408
16474001
25136126
19289117
17437633
11315741
23334198
5094565
11838040
5433852
22123386
6203182
23999143
12030084
8906462
7353509
28348663
20725031
26955857
22455356
25207135
22280694
18731060
737529
20263004
14619512
8383394
8325257
24930066
1204400
20916349
12868885
21111362
17396304
24537163
22514319
22993792
13242004
26659724
6501470
28762453
28631963
26659171
6937282
19082426
10417390
1858765
22122985
26149248
17940775
3043666
5102760
751003
9829924
28932830
16405990
6021577
2547189
5440097
13570581
28146327
21579853
16760982
24961541
2862575
27662254
22583274
17392803
7048527
11742448
18686289
18094966
5535735
27175509
11953187
9093749
18291418
25135999
1315333
29934074
22346493
26961899
23916604
23932854
10825842
13017747
20923229
28334829
10852617
9477214
15689678
16391706
24251624
18647870
12169406
14553343
26951128
19316278
23120309
10974643
20968445
18231853
4758965
2566893
3937125
19105759
22502279
16338261
27608337
71028
22439180
14139141
16889543
19766853
19617529
26660486
2203311
15579353
3831312
4594899
16233535
7051658
29240705
12964772
14014498
3099545
8183128
11260113
4672928
1110819
64693
7778753
39638
17331466
5020646
2105847
28726422
13886492
16072104
16734407
6795774
10633368
971087
9454713
9475768
22183649
5560814
18153868
10740310
9251436
20149657
3376181
349882
18681709
23030078
26486055
7843138
6845970
1398518
27048588
6694116
27174742
3790593
26471026
26707333
23772346
15727840
14999395
7501520
3113921
3249451
13847181
18909150
8258947
1467478
8566534
8855873
28624759
906543
16743542
23139017
2422162
16381214
24552302
22536348
6367846
23943401
3142055
2680875
16984293
21070736
15262695
1149973
1138955
15420114
18324035
23316186
21724621
10718477
3983408
17709334
6061255
23417336
26936204
10970897
3865537
28824107
17870574
8194420
21145818
4414623
7595639
25803850
4214416
22382488
29682806
8078414
5452450
17042140
6864849
12792079
16795082
24899333
757965
17485143
15052637
8059511
1245733
14602547
28369173
14314053
13625922
25617444
14780319
15298343
17457162
24408682
26514342
4295634
11560852
7090586
19540622
19223453
24341622
3367056
24536118
25287671
10270345
25357479
15676362
24976496
23168658
11473075
13783154
16284538
25083061
16562025
5942033
16174380
20204932
12542702
6543098
15943024
25010841
6599912
8790522
4467471
2510931
6182852
21200537
19594229
27550162
2850686
14502537
11597946
10917194
11278088
5805241
17715082
13136245
29585149
14882328
1037795
4397880
20163189
26548802
6382435
26648659
391873
25044258
21262794
17422246
20074230
22104546
1752388
21995516
23725370
8667598
1715484
18972926
17460431
7441430
26699026
6615245
20473019
3885052
27456389
20104178
20962861
10808745
26751167
122068
23553406
28908488
21365091
9879143
3706933
19120911
22374898
10521166
9066804
14142590
7390648
11314647
3016670
14260722
20473395
6376920
794897
18198121
23352681
21439889
669095
6981612
7000117
22413284
23912729
15501918
13320077
5363204
12798961
26336691
17139743
14312582
3108988
22465798
26781276
28282839
22145456
9737013
5223906
20869423
28792573
27018215
16051505
12697373
14314397
7288137
20787413
14776091
27625940
781479
25358048
10481630
12291805
16642889
28491793
29387097
15914025
26161769
16462052
10533823
1905795
28751597
28773596
12785793
22458080
23381567
2644253
6140050
9783132
9175999
10404273
27055658
10878456
10330558
5534515
13958611
4650304
19439475
17352399
489310
346004
16218461
6244652
27021916
18323189
18611150
17727431
7541682
8709300
23868247
1346132
26277638
2379329
99762
17992614
10232358
29824807
15481697
27693
20993631
12474619
18165832
1605236
10701789
16165913
16633285
11301996
750241
12883308
29658966
10572696
26619490
17094248
2544274
23594711
26289504
12503759
22590500
16469681
15840955
19253697
25554965
18021315
10354704
4744233
5679878
4019420
20695544
92579
5418277
26852720
11919393
29587515
10000400
25903528
13962267
2500266
6098719
24108263
12774501
29182475
28874542
28759326
14739431
20081774
7485503
22007672
20382517
11682201
16912695
28376270
12894715
15130901
3384282
26062467
257472
8963503
16581101
20496111
9153062
16569515
29957198
4825846
11654392
17728803
23223985
15194971
11356421
8557719
8675439
28081239
27522600
5068821
27748083
5637756
1327622
11889535
28132136
29239751
2981065
10000675
14832127
4208338
16493166
7549574
1754941
9699488
2251376
15751807
16473984
99030
17061415
15941766
1500365
972702
8389550
16250134
17093684
20176102
11203802
27554722
25803381
5834550
21487082
5788317
12927126
10956418
29593089
4095593
6843866
9402265
26912939
7985508
5045012
5875641
16001085
23841801
28810677
2328271
16185827
28659367
7515802
4569580
9267321
12546949
14653044
4036583
26695670
20816531
4296971
8539486
5816143
7376627
2273472
3941312
21848749
868409
26145114
542760
10149822
270014
17390658
11141514
8603537
6712819
14561563
23023423
14430861
351729
11475212
6224194
16391710
11168990
23214999
28174504
3346304
3854755
20277188
24221535
9690093
25453515
27598372
15349545
12727907
8570993
20056228
22857883
6176696
16272505
27425207
18368998
19608041
4441216
26056690
13491779
11181617
17585608
26250509
20127650
601281
28215514
1806970
29432810
15745917
4022915
7518928
28618065
13784245
18047045
10850697
16299764
14426379
8706186
22500562
6191331
28032499
5462964
12972443
19557205
15725943
19992286
7423323
13319929
16872322
6994040
5074773
19226110
5431705
24635245
26602626
9801427
7051498
1843419
25290451
4313501
29526546
12158748
1405285
18406520
13999596
1935955
18612079
634202
25224440
15441335
24189516
12632792
25373242
26214827
25664236
4940361
13771898
1096530
27894792
27693020
20289067
18252713
12224358
1253656
4140894
8867497
4583478
592953
28603873
4062402
6146727
28507728
7422763
7952223
3352103
24459670
7774321
19369403
7744552
3367246
14433696
9381970
19352991
4031328
26328887
7109159
10118675
14028663
26464091
162496
17962175
27380964
16766067
13570877
27109088
631725
27369790
23959355
10913297
6295361
27862163
17837801
979831
26876153
24917450
16371805
3895043
9721710
10004741
22597091
26254296
29998851
25816942
29371944
29591131
14776403
13884175
21313037
7162476
23174330
29375919
29498905
7396713
8035413
14931078
19986925
20234076
13019113
26260828
16780873
19742399
11089867
24860694
7023158
13065878
13289092
21268369
838949
19494659
27321669
23496772
21744787
2708683
16099089
2437804
18358445
8236488
19601169
6502514
6374614
1066913
22107288
9176594
11267306
13338408
12742951
2418706
18395114
25042581
7677062
17114915
27968130
68441
4628730
2819367
16705705
9092712
28986780
22362603
13983687
14049277
15121725
17164182
29549109
18603541
19857330
19596272
2117952
24899324
9048153
18376982
19421949
13488637
19146575
21052066
15445070
15644489
11443169
28714587
29051698
8858302
13727639
26058910
7509175
20024281
28551833
24237285
21629484
24541533
29191470
14845184
19119223
18139417
26297277
1777747
24475588
2790272
6966802
22076806
11290825
5210286
17474254
29149887
3336455
12531157
22737476
15126260
19898810
8234889
4493814
12044095
310135
29706773
27396244
19268876
29084716
26434225
14712731
6087863
16881229
17721170
8993961
26798636
18119560
9740847
19602825
9305433
25061032
1324785
13413005
2501677
22626512
10146452
17758349
22850403
1189940
28833471
16107804
29819945
26106328
11582090
14466463
5506014
23971943
15060191
21815036
11646936
5871433
6326370
18754774
19097042
5476044
26131161
5088922
20597818
26979447
25000378
10728161
18690635
5042672
2657997
658470
13613134
27660681
12881601
22190860
14016872
12606311
11939877
17843588
23988529
24448146
11006841
2712828
25169681
10400638
20354090
14606389
1136659
9332763
19192700
6415253
6339507
11652703
15165783
13377906
23897846
17185802
24627356
12260646
19369007
17850115
13933903
16486792
21381514
15267694
28517294
2609247
8958778
23078843
19968290
2057818
15445659
19426378
27662382
26170243
19550284
15530257
10611472
27659944
27040773
148489
12452756
4886008
13568882
27068520
12898739
25092671
6063441
1989436
24649220
12956238
11255647
29532168
29386584
29349346
21278331
16599049
29508872
7519705
26679651
19631118
22237327
16949639
23887738
24539372
6932405
23937434
19133491
28385926
2951819
13281076
3212474
11311775
1338326
16100468
29821498
9384912
12288181
3574983
1702589
22644410
9811747
2098105
24223871
17572698
7951708
9342156
18545530
19355711
4104988
21221303
4598139
24380849
29975139
17652321
6236311
21043205
5349186
29559724
16340952
2856288
5027309
23599609
24383914
22673942
25873725
23255975
24060523
10602610
18536900
23973666
12225432
6992152
18395567
23560587
12829274
5442011
1856802
24334682
6420937
1245132
15698814
23858730
274482
84380
24036234
7040347
13898318
8916115
22568063
27966626
17149210
9707653
8524658
5191621
5656450
21896319
15312355
19421641
29963210
16766926
20990271
22109733
25758685
11990514
24343233
15040567
810020
19686845
17282590
9106679
4554964
26012848
24371143
9318804
12038883
14629383
29078474
13115886
15076578
5393608
18218225
1377318
20656732
14115350
9383341
1553620
21355469
19368573
1117996
15821846
28036058
25344823
117537
17064626
7282447
29350047
8266886
13058814
14676944
15478753
16166409
6243491
16795043
24347649
21233677
2121000
9845234
18711240
12330910
16440986
18290359
4432288
14640809
17109259
7122630
11824937
27262883
2107801
19282693
18260285
17703884
22238336
29621595
20891279
9343013
17952800
18998902
622918
27388197
19658497
22130176
2275467
26243088
10714057
20373041
6290213
18671931
13546252
4095926
29329579
18058843
9015088
27626874
1949268
12772204
19644080
2251441
16545475
24618258
11951269
1867121
28175266
3402481
4475365
7935602
7162873
9468547
22841130
1149045
23649681
24649749
28357059
14047099
10070850
7049362
18218624
25300401
2621165
26476996
8438728
25952621
25371927
27810243
20876120
6873304
3636928
25154628
22617418
27179201
21568680
3883830
5798860
13535768
3095740
27708551
25771379
27528810
19680690
17935741
14225995
16786836
23187733
3803721
4677349
26279373
26971652
9696206
27079067
19687693
25367454
8005890
13191690
7670001
23338599
9165694
7234101
17916322
17792724
13986379
28625282
17251638
14674808
29052575
27749488
12941979
26892639
583927
7797068
15346870
28283822
461005
2588501
15746312
978843
17615264
15740350
8079381
25920376
16225587
1872733
25748944
18573843
14281697
13200582
9907313
24606137
6643962
25855027
28479897
28489302
24414051
863181
27654156
24464059
7740744
8547881
7072203
15885708
1822650
7856450
27940193
25066788
12128436
12941502
16109790
28233373
7911326
8363814
24965870
15839454
22247627
29583394
6982309
22400027
10603846
6790793
24567976
6918170
24055144
9798808
4278958
19310073
28929359
8350217
17740814
29255477
16761267
16066091
5683038
5791112
26477028
3622522
16322556
14565124
28717996
14929825
7490948
24733067
14369425
14370813
29020932
5338197
29852737
28547210
1290327
2596443
559242
18815728
4620491
28584321
5593118
10530250
27429130
1398565
1265123
19495915
17341679
23032130
23789402
16472610
7971705
22180567
24191986
14214688
22823224
19612617
8153892
13312598
23716662
17355415
27714220
5881320
23611731
13602884
12280678
22850324
9983802
7137044
23428063
2514210
4108724
3900911
7559148
1069629
27439834
749110
1916832
16537802
15175791
15526398
13399265
6909127
13639039
3277713
15664353
4174467
4967129
6252798
18118031
4673230
14761021
4545016
12763225
2118073
11592340
25797879
9136865
23560424
16797933
6763281
18581906
14898152
19219222
1786105
9629519
20338345
11521880
23083245
25373708
11461877
17036596
21784154
25832055
22272399
261464
3265877
1518669
13078659
12366696
11157480
13762715
15062071
12238664
8158411
20155147
21197363
17464047
18646158
4048185
29994769
11923538
2639236
24439397
28375435
73393
8749449
20194167
8795569
2090530
53994
10771251
4393717
992774
27446674
28169596
22279953
11761710
27827266
23145318
14787208
6748129
19918167
19887838
3762967
14599018
16419282
17318393
1610254
6803493
18935816
25629617
13512995
13051781
4346726
6100919
15468242
12594557
10592758
18319790
22088022
12409373
1845950
5619736
3503275
11412959
4099797
13255838
6407714
5566006
15119748
4594308
6995534
21258972
19234427
18258718
2643375
10535590
20330571
28641999
12641048
17280671
14077884
17344095
3924799
26080013
2862168
22177906
7916133
2063148
28746810
25740511
3341751
24699919
21086009
7794740
9330174
14094685
4406631
6157909
29283301
17587882
16263128
23739652
1040061
2942538
15193961
16998799
3355093
20453820
26731939
13350380
585630
29159781
19301018
21895508
29625276
10061081
21828072
3110404
25827210
20016265
23915527
7505983
7297926
26862087
18760010
19072559
4366764
3057599
29026314
22863215
11254799
14625273
5264355
11723998
13136383
1244846
5581375
26037137
2799874
22668912
23631568
16873322
25257390
16795923
6839394
29352965
7461782
10093894
27614629
11384548
13655443
7508186
3465838
21565657
12352856
25121408
24728031
3873698
16806116
24370625
19404052
24594676
12784430
11079806
18931462
16586177
24533184
20199999
3370536
4583946
15358291
24317826
5988353
27983643
17816548
28665976
8921727
21861911
18295367
2873302
5443206
22562613
25006230
9978543
10910129
865033
25496747
6632129
26373711
311397
23341351
9394897
25034883
11309456
19839582
11064804
5920616
16771050
5761108
4504252
17151376
19672588
25373051
3128589
7660575
3794393
1396156
11755136
17196387
23309856
18493632
23660008
12399470
29494920
23418849
26168711
17514460
21486287
11556144
4973586
16210879
3291037
11218028
29037446
9050540
12193560
25932932
16688219
27030894
28939819
1579075
492794
3428930
14099359
10606428
22694821
17217808
21520285
5686185
560349
22275592
24131660
11228385
1513579
16780013
21211311
22426388
29380598
1847389
16344662
122020
19565197
13829905
23701780
9591017
29373579
6219233
12053004
25573118
12735151
13085105
15789284
6867822
25514600
18240548
4942083
29360136
505696
3939894
13494218
28077505
23350666
17902129
25197282
713076
9623739
29574865
2394459
19345388
3311650
9903906
9606791
2749010
27357191
12331086
9496701
7946115
22185577
8146481
23138601
3457966
9230647
15156582
2287143
11200258
19372461
18067454
28250504
2210794
3842458
28210203
24664641
24924955
10353736
14219102
20943137
14761942
8221485
16742959
11733906
15314739
11597891
4176836
27154883
24416476
25220022
3593264
8966612
20110551
28137548
20138958
5588828
19339687
26991114
22515403
10085509
8366768
23191154
13621258
27015021
1548193
5601418
2464965
28533446
1384564
28712692
2377863
21382873
7585946
27371628
23321063
3458449
26218549
15453109
24797089
17963746
24938055
24447796
25938711
28290780
23978914
5509534
1845187
19805679
179091
27852362
11269064
18088924
10387912
830609
24175308
23300675
24315006
20023661
27889467
2126545
1706746
3728444
25711190
18888464
12587246
13418293
5257532
23811826
16627243
8592709
26720265
9756011
12753527
26650732
17344268
7157289
22926301
28360669
9714940
2590665
6016335
13889346
20190196
24111770
1964164
21656420
3993377
16961817
29346615
17240952
4841683
27054719
20768542
17905950
6132337
14338877
10551128
372717
1131054
18270923
11674088
13529295
1876661
2335533
19162219
22073380
25618202
21730384
12732253
23422868
7092662
17110862
23491165
14688130
2234126
26537069
25101607
26339389
6915470
2135303
21988975
25346128
3864263
17146891
15146399
2726754
12627259
10834373
17606445
24988948
28073266
29708604
11247881
619379
27886336
29456787
27232542
22036399
14969746
19945376
21458156
22445028
11072670
19536447
25314727
18333685
14287021
22562370
8999180
28875083
24736584
6529998
16465791
27109384
14080869
5257938
23206964
8557153
24218908
22543485
11569176
1088365
29057508
21589448
24388485
17474460
10025692
7072625
20313001
12674883
14905828
4787543
28211708
8887064
17108820
20859083
25318269
29902785
4724289
14608930
21610452
25712627
651854
10340412
3008227
27100022
25360390
18692348
22177643
18178755
25925476
11764997
23143443
18651693
25269217
9793561
13770642
29501298
10753420
29160878
25280720
25177180
9736476
25297018
5155307
9949724
1221883
17474561
7488572
6517027
18032348
13017977
7991779
17824391
18187977
13830176
12572977
17896026
15430389
13911723
22749533
25907276
10357906
5800531
26103568
14801999
19844670
18611162
28106681
13428487
20613985
7684157
5180465
19485660
1460057
27714113
18746180
14149485
27580714
2862408
18816490
16078556
22608330
28589644
24528237
19636686
4861404
24657301
640078
11979158
4414759
24013889
17814796
27550130
3982338
18030507
25692458
8210817
17891930
9982370
22609289
20666982
29873874
28586839
21368949
7182611
25379248
27311396
14916129
19475223
5266104
10555514
21207512
17749764
28139622
7573310
16008801
23510925
21864672
12193702
20240964
1134789
24734817
25531631
25384189
2580278
28459911
25178166
19693875
9205979
21182666
25126850
23442390
7644441
1869176
4900976
13314617
26377363
29813162
19060110
29445312
6393600
17291616
25557122
12458865
2677649
18269686
8962102
20471006
3193995
24663912
22226856
19759080
27167139
19023434
5038240
1778798
25664381
18447355
5939403
1354424
6517925
14791486
637161
12648002
25664771
8739410
28601853
19368513
17987419
7226208
4941855
10299348
11330410
20547201
20655252
22997176
1148977
25633999
22717166
23017524
14058298
9375961
25595319
26026266
54307
7052408
10810121
27052851
26503940
18002437
14120849
24852659
11690528
24211401
9876011
12739060
7929605
16595667
28430422
24293946
18290939
22101284
6976641
1285309
2531480
11456019
1167568
11023635
27794861
19297319
6994325
27339066
27715417
29907061
17699166
19913382
3817853
28656976
26950159
24006268
5429990
26478044
17410507
2525019
22486800
5067794
24423418
6737117
29867832
22813783
29839701
5069130
12676324
12617878
4640674
24591666
12747674
4131493
16996451
7621167
11540493
25833136
4554959
12659509
9427878
19462299
27189588
13337771
23605732
27389667
4140948
23172216
11359746
18089346
4749253
27334334
270485
16934359
1589347
23629408
26675955
8795741
2217696
23926756
22351290
21976887
14723495
29586105
13756881
24465946
21876337
19846126
25212758
26345504
23258828
22916120
4627405
26143458
13815381
17222850
3093302
29344815
7797580
21042326
9851856
22687283
11732425
9650434
2215305
17727728
29005924
27967331
16204788
19803672
26909390
13013579
23795166
18801814
15964736
29296546
18328208
22462593
26654597
27174438
2292530
14700153
26603698
28001223
5790748
16727324
10462145
28442245
19239246
17019370
26030735
16278847
19909051
28824492
20895479
10458103
24774035
2154505
11145304
29190717
25563147
10723217
16153698
24233193
20890184
24222562
26089338
8975161
12714667
27312662
24447575
21252100
9227945
25198293
24486778
27425503
16158973
7162437
20923840
21363458
28353353
5465286
2788477
4376777
14710857
22282495
24666490
26169813
21065258
8820359
14280188
19016453
27900945
16500515
7922420
16074147
14807001
27892003
7052422
10157094
6529042
17725970
8664034
25677532
14694433
4240820
14177549
5424153
20583825
24608048
719624
5119988
29903739
25947798
9568619
17129871
24446786
998690
1114812
13929124
15675527
1070628
27323235
28329988
10703366
13763475
19777128
5740962
16893474
15269629
25842483
17477234
4076309
10329635
5222914
6824672
1225285
12409300
9830457
14452980
11506004
29757346
7960785
28711992
14062598
13867585
11675368
23463103
14817894
10075518
16586877
1340222
1836309
28176094
369258
13020646
9396599
23838080
8807355
9165126
13297270
2406983
20370884
5022853
24134138
13311623
1798766
15653212
28621194
24818700
17664584
19125264
17771481
11483608
29538004
20226264
27456114
14049740
10753966
6124189
28365033
4780392
3412564
24791442
3935287
15830647
3785580
7142257
18261810
18939534
8338881
2179643
23231469
24692327
4748029
11063968
1533610
28090779
3354150
22023632
28172008
26908306
19044994
5149460
25252095
6154764
28474652
23095207
27238263
25376760
11986022
12489690
5098925
14264357
9791148
10047383
3973895
15943947
13339413
14804201
14635437
24806216
6133577
5158747
22759679
12529758
24083130
12832133
14126462
29717641
7156503
29228623
23817606
8600429
8047476
4254624
11109476
3299361
15706450
17629877
24773003
20797358
7047105
28901787
7526288
19626955
15964505
17477812
1740607
9709522
10402613
18784606
17203890
23136600
28633305
18765402
5479859
18421818
26061016
5058211
22016996
1206950
19656975
27590542
12432503
1717001
22170573
19402375
23601755
10616609
13926017
25203404
11294990
9771302
1421467
25328397
23125690
5712651
10414224
4570757
19531226
25585660
13228884
29083736
3820586
3205358
4438188
11830418
6481498
25315420
25964943
24905930
19421861
8696746
18527384
16418124
3119144
12306974
23323024
23789859
25269446
12393267
24804987
25180826
9253646
26221685
16135089
380582
25688768
12160890
18954529
16978489
3789262
26256869
12173501
9587588
11972746
6693249
16471814
29143923
18456120
21565639
13896908
29281419
12801169
362945
25412758
18039324
14578132
12962313
44754
26198214
16811240
15790394
4322739
20270034
14145508
1573794
24902300
21126503
13910324
27140611
24045839
15465995
24080218
6327461
29359492
10087274
17560425
27567611
6045188
29546680
14865666
28405309
13486338
17551033
6540510
18758350
10120878
22188285
27463546
3416998
23700717
29904985
25568000
16808510
9401799
4184745
28975956
3449312
28096972
12908204
18050823
26210756
5717796
13270601
23684324
11883904
16824567
16553224
10481435
22318911
22496146
15864203
3050660
21541465
23573260
19735211
21804682
17061058
1170251
25941697
5974951
14023559
11837325
21782038
15766663
27728336