13256891
29995728
15158889
14734530
5792517
4376550
1209850
24301223
19352132
10672619
22756931
23592326
17322844
23391201
29190750
17042143
13278470
16703763
16048306
29280160
12107111
18979829
23435320
22618757
18463493
1561850
2508529
17908680
22966434
10808698
25514272
7851872
12052021
109172
19880363
557814
28622826
27773454
7641212
10447063
21540583
13184938
22943192
17084243
11485114
16096431
20041590
14767204
8105503
29090407
16214186
24084204
18067327
5325200
23321548
23214339
21986881
9603368
6699887
3963395
16936483
22176694
354508
5756454
7244855
7155787
4570194
1380769
11940936
17068450
3084865
5559111
2846455
18928430
16803550
27276842
19235045
17671525
997754
1149556
26911222
21193418
10708754
26894865
1031979
1734829
27477613
16303698
24722599
12991424
8943022
6607750
6500200
9779026
21410483
15645006
7296624
2751651
28425158
2454724
12627905
15603845
16438892
9752213
11789302
8991745
27022649
26857226
24834526
5296645
19208801
28628048
28710700
4805451
26460281
10005877
26372807
916200
26983638
26457122
22576879
22273752
6689414
18546990
24041020
4266548
2159581
20271220
16482638
20126117
7331446
26337657
25474778
22308592
14980386
26610738
13465269
12588891
24086319
10442774
3259230
22577388
8385205
315675
7427557
3094960
22250993
6674884
9614532
22035892
15175307
13091121
1631934
12083968
14843768
16952731
19810188
4377303
26507474
26906909
25632958
22420398
11073884
27936282
19185203
2857647
23602694
23246336
11865793
25524920
25528012
17124732
10892561
14093180
13852505
12833408
21260891
16274628
4602657
2318618
14155568
20398713
11860294
1560111
23229501
16379862
9871654
17673253
4887425
27498255
18049232
19416773
21276138
12788296
8934546
18884081
8631845
6317554
14097955
27238732
7659563
3546418
4397599
2153675
30457
11528712
28968135
3254052
26063483
11078267
7507578
19341615
16480646
9501444
20134440
11511190
9703685
3792112
21250064
11356976
11345919
9491302
14005
20210768
17209444
10530664
1164095
15802939
10733188
2991473
6971030
12925747
7787599
23059698
1939660
16922708
23711098
19146509
7915061
28623136
18862612
12099975
23454989
19213709
27804507
26855684
1153323
11243960
25119795
25906050
21761772
11399786
12589041
3263079
855865
14463635
18478770
205953
28799527
27057713
24341457
27478895
18946070
17507362
15698511
13307120
25679117
10481826
14834165
9195043
16281635
17478796
29864377
12245898
26677885
882573
21025291
428961
4375775
6836625
16485807
3295718
21809794
27442238
14895084
9877801
13903514
3924362
18770636
13061577
19882938
25263302
21658903
25935859
1543125
20936557
10675271
10172359
26766541
19987657
18029172
17784138
11264603
20682318
18759852
6908824
19889357
25781173
29252711
2237902
8229600
6839520
23006650
4233734
29911641
18788518
22679103
11150715
19355178
5488954
7361396
18741949
14460980
2526941
1157341
17010550
9758693
5296708
20448570
2706259
18893226
28597954
8467408
18903595
11728291
25353055
3826610
13638113
12418381
19591298
67086
586249
17291774
19869508
25135119
26656543
5729195
9113296
1548678
20941944
4743253
17332027
6142437
21973123
19363226
20739613
5041583
18746229
6014662
20941029
13444261
19134311
2338222
28709157
12742390
9400858
13698694
18045675
17519102
26188891
15585741
14921005
21041536
3295437
16702693
16926142
620912
29681479
12502599
26258461
8676943
19018707
29746928
7873106
15119331
7441229
22359076
13676120
7524931
12863623
11430045
25196018
13167524
23465210
3903199
7317166
9328613
5482172
21316818
5403429
6757092
2194671
21338738
27726012
14658721
4391698
20479357
15967908
29315887
2541815
8995438
28804012
5062083
16234138
10208036
4696692
27149226
18058665
10032669
21050515
23131134
16189093
18640363
20119966
3767560
15495550
6209177
21474120
479652
8674864
5925277
3021304
4337711
232230
8265650
25801964
23113425
29963008
22246790
16840825
2528410
11152156
6131427
20896011
10068656
3523643
20594689
13201285
27941634
16968142
4475480
7796797
29136433
16351189
10092757
26003461
26805771
26552003
18024567
12489100
5615973
24711093
21054738
25905298
12462924
26769957
19638935
12715652
6100141
7430832
6152100
5955939
9844798
9618565
19051109
2839931
13858833
28283197
12844083
19123180
26676949
21851979
4017297
17157847
13774838
5593478
19497973
21739589
7667297
1100801
18413957
28196738
27609124
13040007
5547309
22011682
207299
14479544
3169389
15460278
22946852
2517153
15812143
27800101
17971433
10884972
6996513
29353045
5838562
17486244
1339347
393502
7671890
28307776
504839
13978608
18055514
15803218
21066521
20315263
26956469
2192312
5553638
10035572
18975219
22977831
18705934
6029776
7107950
14136373
14543136
27939010
24243192
5899655
25163362
4740840
17825533
5869361
26810638
8460825
4113198
21375639
28495099
13846947
769692
28319164
19678967
9558943
143429
1089088
398641
26530261
14634949
25277995
10252363
28929222
8233273
23920030
22719550
8472877
23049494
3386442
20280695
15869835
19800087
27680562
23573249
1470006
5100894
8334198
10277275
29310464
15587494
25688311
1900412
1654262
2895026
23190793
12951468
17979140
13772925
20275649
28726530
25939053
21607523
27599888
8797399
29778118
25793867
13689481
5486227
8154816
11427591
11119711
14728847
968654
13906782
5675122
8042237
22289770
29174873
5796750
10281275
9879775
3754254
15712964
25255189
11279629
18181270
2755802
29551426
19317919
4546423
9765585
467737
11806283
14140215
21329694
23975910
24895420
25171100
29287473
17747287
7658952
27787235
6706103
8137859
13975928
3512026
11020403
24286767
20794065
16395950
11612417
29505725
14963254
25680149
11053897
24614776
28953971
24780314
20274542
6928738
1886727
17398605
24812641
27045960
14100295
22851430
23207498
20254050
4207847
16276086
5844041
2357937
5286388
28615942
22122608
20274198
10237914
28937933
20331097
9304672
29808338
25762762
21523167
22826854
5223100
11063399
10644261
26325883
10634288
12137580
25066598
9271223
23781539
7597291
25031676
2462358
8890897
10378150
4974600
21893876
12392907
27118606
12691944
23587132
13936024
13611051
2050324
27940020
7222203
19947262
13264260
5787315
15707949
2996640
29813110
5908419
28942268
22743254
10192481
27917689
12156418
27502649
8002921
18788247
21198679
7215576
26305463
7419499
14275616
3998642
26953802
27549010
13500528
17665048
8536231
1409914
7629676
5896586
28425577
26824058
816699
10830118
19851864
13433438
6998297
7193734
20042881
6004228
16507210
18160342
29534628
11393255
3632603
26371508
1532174
16749205
27348536
7621976
26658035
10960321
13614394
27287304
24415639
29541976
5474003
5519019
875921
12456809
12594410
460596
20602037
1548943
18180673
7234178
19157414
9799974
7842063
21241687
14783956
7520020
21837289
8006670
8032374
5024105
22118169
4921269
7486972
20570083
28454980
2440351
23680108
5908113
6220224
27300626
20130184
19933570
3975567
10396802
19292586
18218813
10674288
28549025
23688754
24483878
995471
29607149
8995669
7899449
18209213
7564990
16015835
16393024
21441183
25244511
19015234
26846080
1217443
20578531
17434745
24507603
451625
15775641
14120014
15760495
19136678
28749060
18944510
24996531
11621616
6259201
25716375
19688849
7360479
9369013
15138500
22800036
1892283
23724400
9469156
19238598
3470859
17010532
29901018
18396069
9421425
20180505
3479218
8564814
25096942
9100525
6313954
22382830
20391267
17745443
2563576
8379927
16273341
28419864
21388731
22560644
6331192
17112553
28834198
2184695
12176427
22298270
19519532
7933467
14234743
8683343
4327543
9650711
3554629
2307638
14048764
24333504
25551182
12523012
25222905
18782892
29231711
6311633
16048857
15990877
8341369
5801956
25101444
19494813
20693447
12876247
16308535
21544944
19503793
16006510
22990634
28885462
13265444
4290915
17836850
13153534
26223690
10171067
8369339
21786100
2286758
18064282
9939278
17726302
21444368
8901005
24078095
14397515
6432147
28460511
17891870
22364427
14948951
27787519
24740926
1155555
24563947
16582455
11289297
23228436
18701654
21524430
19908264
12304022
7948106
8698649
9804683
12639574
18385743
21296570
21759773
29979038
3158575
27396572
18024407
26178457
21910846
5552267
6210031
17836697
856567
13391864
20028708
8299444
9264194
2909916
2918251
9663786
17802038
16283814
7182361
10266394
18893737
23554416
1597991
17271781
13757861
21364333
20316764
14595506
21487177
8719822
8281274
28120336
6490690
7316224
24605960
8258744
25534556
25156237
1754654
11915257
26272818
28715225
3752834
25466110
2142757
7390246
22848681
21626310
9510874
2241508
17042997
14743995
23029800
25513344
24605053
11871501
7716740
28540923
13035579
2980039
17296017
8869422
13531914
11369086
27063441
28979528
10967557
6741343
15273230
2993794
3105674
5968658
26364777
17701235
25530557
11090031
17281895
26920877
7658322
23139722
14268732
6961241
24618447
16534871
26418309
12132423
21799776
14677528
25965574
17977520
2693236
2905379
28471574
6941845
9388710
15367347
27536967
29445539
18444125
2746464
7632777
18100322
7973207
528212
2704357
8476877
17461385
13815906
24838435
5083507
15126930
3400318
28552346
2475588
16559818
17888688
12479755
3976963
19797701
22880689
25549991
8610333
11829756
17526388
9048159
20036502
17255937
10331808
438584
2540061
38984
1584004
3012333
12413686
27395188
1474445
8012536
5551400
24067205
6256253
1888468
23780335
29455830
25431591
5894164
14516477
26570818
27806262
22100102
26088574
29360207
2468309
15805649
836885
13013861
8423559
12669430
8605540
23572964
577400
13780080
26137014
11278040
18110800
4031331
22420351
22294344
17916898
2906480
21509579
21800521
27849358
4483377
11975142
11235672
524272
13755034
6296002
17759142
23718421
13016745
17716330
9454654
29316440
13885385
22281801
6550619
27021027
2213457
7997044
5950998
25156156
17582302
24495409
24441276
21787573
24340448
76671
8809930
11327042
15840267
16409750
24873548
28756278
24248978
17240099
9269003
24403091
26974546
26653409
3252890
9541326
15339914
14058091
18156621
11851490
28818338
7661422
4875829
15167959
16767055
25687519
13113313
21928648
6183450
3952824
22080560
4087746
28120811
2018734
28253196
21976495
24197633
20124962
24485862
2307247
15400142
23250981
19183666
10722340
2493712
15791167
20760857
11268407
26685499
25214681
24269688
8057843
28980168
15587417
18090848
24875146
25630463
25807981
20897281
21548061
11371780
16283310
19695129
29445183
19997458
15393225
23183112
27955538
20563498
10125124
22967063
11467843
4810764
2341219
25162195
7292505
23287388
4643240
16130282
17015807
13697768
28319357
3943167
25759389
24404426
6194515
7553587
27701708
16803976
16173998
28077105
13338400
10335645
13479896
26544045
27449400
23412709
25903987
5329446
9011551
22973678
15934419
29653423
6566058
29784324
15321933
16365852
22262465
29187860
14306887
5293415
12409820
10836094
5278460
20803099
19654011
546229
3924388
17577515
9089070
24786667
6164327
10960250
5909580
7165773
6687300
2899744
24378928
29502658
25663630
16844969
28916093
10769085
23634874
14129654
29848992
23798506
27373557
6286469
24569729
25189402
18381807
28625661
5767850
11621590
1421692
22082407
20752006
20226025
12672419
2041076
187006
5859570
26196564
10769182
11835443
23350348
17305996
28189768
23977416
4018347
13497186
9188061
1543587
13817492
7070841
25595368
28266577
26321026
17558970
9743010
20861924
28981964
10434078
22238455
27108571
1591741
19362664
18826951
9893163
24277123
4922128
22490244
15098773
17702056
2090319
486628
24107423
19926300
563545
6786457
18393658
22143328
20609227
25332229
17779232
11104582
15270722
11110878
18231922
8676478
6604966
26357525
21509214
4314676
15410474
10022532
13869018
8863565
299678
19904214
26686105
1530437
9525125
1738538
15021116
9407751
19493360
24731847
5352050
23815609
4245524
288911
1264735
22606405
22991514
11165109
10997184
24574051
25289419
25348528
17463610
17814909
289646
16362954
6721691
4724471
24219065
21035960
1345829
10714437
23103188
26074840
3000076
17837551
6483795
5563298
20799943
10081859
9044146
8608642
28535008
8643151
13209501
7584905
27599883
11340764
6581413
27443686
13134179
25592219
5577792
18109482
5704058
18547961
26721333
1291607
22662406
17718485
10998681
7501123
2178753
16858941
1536081
15972223
16127761
7135869
22953809
5843755
11937618
21376616
13486986
22038145
6728530
27452265
11235313
1777459
3816805
3147750
3965737
19245432
8171713
136181
10262974
15799811
16341528
8300179
16017413
11178821
19377511
23980626
8598639
13703609
23948318
345758
11201741
8177145
14307180
18225196
25365828
24269879
18407437
72857
18931627
3446907
8461006
9138721
29635615
1658295
23907751
1632658
15851562
271512
8128819
436406
27284322
29873144
11928573
22242572
25401009
6897038
10073753
26123323
29378782
2057900
9555785
15555386
20317771
28444176
14311455
4779599
2747824
21434899
14578063
24272647
26438129
8050991
1384969
1955172
19283975
15458137
1156951
18465107
28239070
29555964
13745174
1510804
8836234
22622227
10645283
25194047
28783251
3714594
12885037
26926981
4926072
12329990
11209455
160070
20310831
9877599
23255690
1737150
5723410
7508874
19843164
2054300
18823481
3260219
17384345
27768136
6991431
23003524
27876079
13051345
24106443
5248888
27382242
16803273
23584921
1952760
4307072
25735959
23420181
14089158
18181684
6428039
91247
18870344
24903218
15627533
11891909
21819847
25875919
24208072
10999779
27187557
15337137
14559019
27238389
17674943
27652741
1117696
21281213
19741262
20926394
29046183
5022074
28910976
3770185
15264931
7997949
26635532
11006164
26586641
18638087
25146201
5057511
6379505
3246765
10108030
11500690
21116702
2845265
4098084
9456839
8584693
19596281
24842239
538509
20165969
19518406
5672339
29905894
13707931
15844839
8678026
7270558
4898848
2118885
25578611
12774079
16576189
21986183
12280955
16214697
12915742
13151747
25737747
1925084
6751576
5799612
22114466
27358556
29490128
5562050
3326118
14423314
23558891
395911
18424874
14721552
28438205
5108234
26086409
8989139
9448144
21928260
21435718
10508245
29506218
16691162
27770796
1934319
15279011
17579536
4490774
1289440
29554179
15164218
5751100
6943213
6134453
20142759
14199951
10813462
14978126
16908546
25808767
29230768
9002787
27673575
20671932
7081916
24977615
18772603
19173889
1903784
8366708
8747544
2062020
6956950
17370400
22015152
13015857
4515920
5857584
20974189
23965739
8878320
7279874
29547517
6942900
13131538
19741591
27078140
8065923
5722553
8348772
17746345
25716746
27252623
4311116
15663061
10665607
8098838
11510052
498246
17271405
13860549
5919320
15055787
22258360
25302
6418150
4409697
20856018
6386124
4222350
29455967
15406445
2204592
27466405
25990328
12329577
18417432
12967338
27414969
799578
16776326
1902605
11938247
14616672
19986946
4933877
25826553
19273236
20236485
13162426
24972635
7165264
9223120
29220811
26768973
24101177
12366106
23306196
7005363
16431808
10301272
17295201
21559590
17551142
18674460
174349
23987832
24422156
24359527
6696559
8852422
6980207
406580
3307519
3390540
3183169
29271264
29898477
17746892
23624579
28852456
4527004
17688670
16491553
2991134
23231693
21460051
16556971
29829995
23587426
6701701
23489055
10653812
10149171
26970397
7822543
13707576
10535801
7846791
4574413
4604966
9778521
20152897
19063696
10913956
1876286
4963525
24043866
2073020
6414485
15690534
2507360
8786889
27135875
3520794
10170876
16396058
6646195
7656636
25198188
20527686
4635976
26704682
28595284
26797933
19208776
20993583
23134475
19945143
7967959
10044871
1023
2245624
14597799
13065348
12303494
10866200
24686237
3936894
25943187
5653122
24525721
26366745
2093498
28338411
17935333
11220402
22582331
20907705
28902085
7252254
15450727
19576836
13455016
22836525
20263253
17277624
3637895
6798324
8774904
28089757
24193775
25589997
24117176
7700282
28096298
23753732
3852083
11818255
5740893
898694
28208590
23714455
4621276
1513976
19539371
13344968
7941160
20806332
28283010
23326100
1025558
13638057
5017311
16724497
9576884
20543495
1396649
5649350
16021584
20227430
28883135
4783208
8857980
29672521
12772417
92724
4540582
13755198
18049970
1864718
24426874
26156827
13137025
6300129
15895066
6269355
3798988
10378203
98401
14319215
28920534
17107254
22795039
7985591
2052046
12900536
27376830
5166805
20291611
29933349
22584542
29104422
21620790
23819038
25673944
3622523
18553151
7324726
17419453
3840885
15442791
3122135
10539304
25045372
27031167
5397605
23451878
21989889
2365464
6275019
8330076
15165703
13592826
18346429
15045415
4563432
99365
28939336
3877509
23717249
132415
27964810
26566776
4243924
17764527
26506408
19906928
3167486
12787504
28725583
936097
28182539
23256879
16170010
14782729
6234422
13012901
16560682
3039776
21735439
24080878
12673853
16777829
21529059
21855111
24557285
27513833
27811093
19879298
10466381
13836599
5097160
1820343
807169
13761751
21090541
14603837
18997696
804666
7320062
5095036
6657827
5628820
25816500
4471425
25600336
19030786
10415007
6623488
21185800
9708454
13428910
18111701
3226225
8680321
25004093
15820697
27383978
6888862
12317444
27988036
1467117
20862741
26886196
4960373
21844059
4963982
9727843
1864280
14122718
25407380
2582648
14495786
20784427
18264518
1315716
9524162
3831717
13644435
28468613
25621940
12327987
1184131
20794163
19519859
16484011
1766830
15035265
17191825
13358563
1882928
5651165
11521963
21378895
8066517
16937717
292718
13160731
25090833
19881863
1628405
4151578
11200578
24846676
20538253
7527155
1213386
23871601
2457673
25089356
23926429
8591088
28925395
469128
10111491
27822980
13018571
24381047
2057096
7371202
4114686
26624908
25170638
7785973
19709659
25166317
21028062
12777278
25966378
22117879
15952818
3288622
21830530
8595959
28462705
17394293
16222061
28381365
16166403
8994386
21690349
9866401
23912660
6986172
9562501
28115064
6679349
10623634
24909040
25542493
4418401
5406704
9319004
23224878
17198395
16137802
11777994
23202074
3596761
7740409
26742454
5207472
25334434
23850946
6872458
5226291
10988835
23391642
26763233
14789044
2370305
19283121
18946234
28721245
9005769
9883633
15640120
5525766
3593535
12655198
26831552
5568843
359937
22836801
23661978
13147418
2004754
15329350
14401284
8593209
2807757
29839320
13691190
19669242
23339012
17277678
74986
5484355
9694788
9536401
26887215
2217948
3174721
16244093
25390531
23638826
21369646
5541247
26637902
19144280
5569974
25197142
4200334
6053961
6647839
9343578
18564346
2638060
25711046
1845549
585745
8248752
17850378
26226114
13840365
25341919
11637509
763671
13667543
7238887
12649300
23864879
11845727
16486137
16448991
19383650
11324412
13435783
19389108
6452310
3681343
27569143
5159030
18193610
24796706
961503
370734
8865178
1802317
4368596
7341438
22981340
10662771
14405792
16000145
7236215
3495385
11169120
17668922
24554406
14794394
28630408
4965049
18232498
27684228
20482920
24308012
6233988
25205307
15479912
6879299
26712667
9709495
8651589
24047656
19529706
15948769
1009670
6803202
7507582
3718211
20411598
23663154
25428252
27679258
249338
28710952
26653408
7848032
9311178
13621228
25167532
6249133
19100463
11420737
9537205
13185425
6878347
23234910
4619228
22534168
24287160
22045093
22764472
22086261
18014197
3032682
29791332
11692592
17633205
1768401
15114743
22207867
25987833
8834794
6201328
10286571
10920998
16873424
17369789
18416403
23345802
17839035
5115168
28821957
25456373
23013548
13325927
15442858
19035226
2664218
1681492
2962160
12452490
19976481
12904171
1336713
10488329
7674196
15429899
4993497
28650996
15565575
27703741
24710341
26075062
8656452
29539504
26860184
4707632
14274082
22305996
6739602
17889280
19648327
3949655
2762368
23038759
3195110
2696418
5108102
29875675
21317585
13038465
14553811
6983481
27133959
15230021
9390637
1068522
19377190
26935631
1974128
25319801
1385999
2035088
2266170
15384566
9495260
10754103
23574301
15268455
21054623
22288111
13946397
25728331
2434263
18428324
29594552
27271801
16745447
24337718
8275865
11619014
21726013
26623940
6927178
4741815
17370421
9426951
29222601
5523090
20505594
476351
20886286
17008345
5640378
29352010
5571018
5550477
28479601
5332709
12232126
5854101
16413175
28146559
20201815
7410917
8318806
28901577
23180361
5289711
22725821
2573298
14872066
17784976
2064240
27749268
21711636
13585765
21828627
14948713
24771891
22557730
8206785
17538132
19840027
15526695
11645642
21769627
28745230
12778176
28771342
23001324
13245952
18052444
17716564
29741726
29651908
609420
23085676
29753922
8870842
25444746
15249816
6848816
9072204
21037742
1531105
28029604
27161948
13671498
26421168
9267185
297662
18169505
3080740
25652770
1618940
26005465
6015047
23355108
22075407
16370406
2188088
7235133
19517376
20187201
5136825
11754236
27512504
15194317
29717668
10881550
27487656
10668372
14848857
18104556
14845865
19274042
3014459
9138422
22055884
27508692
27504795
8279531
3217835
29581469
9584913
5381445
27166183
5903552
22682920
25227270
1965919
2800309
18042678
25162642
1569007
2109352
20584618
5950618
19554200
12992085
1287221
2181638
10567639
15904995
21115632
9131357
22452941
11516469
12970805
8162488
11583576
29067314
9703239
6891621
29519797
16781013
27232699
28948010
25404445
7777618
16435077
5933303
22628733
11613653
19432872
206772
4238050
23326149
24923942
14181391
29442389
14137189
9243740
6508652
22887527
29527752
11143624
3974708
20976742
15402190
16447172
7712662
18423191
6178376
5030450
26406332
26910579
18641807
23923254
17943370
6522007
26945928
26262481
6987361
1602087
11705928
6586752
15878524
24812472
28509122
1874972
21214317
22591533
13971695
29332257
4000940
5087676
5994403
23366160
25011398
22700444
26746929
20476319
1520873
4555399
10798047
22408146
13151156
14209772
25215420
1092318
28327914
12101643
12808622
1290464
9201499
23283652
2505460
19577163
13926255
2925292
865165
13620259
28126772
1439221
16198204
1164228
8610588
28887897
5345393
10609821
22617731
929951
11981097
10335658
12793425
28473408
14553546
14390030
4351909
18501110
27784316
8957877
16620901
4341133
24487683
12019967
29542072
11644756
29893830
25813457
27069116
14919795
2615101
22741142
16910729
18697701
20040193
20249848
16760109
22950594
9664079
8487138
13519421
20030472
28853274
3497733
22985966
7233679
23580767
7753111
10464369
6141059
24197168
20270084
7211628
12178981
12665182
18094390
20389238
14720486
22863892
3413217
1746435
6264013
24429554
17855072
29255152
6882961
14805452
14437561
10045748
9749884
26744226
22715796
25286705
8047297
23210952
28587767
27797295
13203126
11829196
9483499
13692100
7240240
29249882
29598636
26383148
11325479
11773098
9474266
11152665
18057346
1325584
6226954
200117
25902037
1613532
14404955
4369733
7667660
28494554
19070787
29744049
16345254
3248402
8495200
16142761
29603490
4298202
15843201
9281407
7393132
13330240
19149555
29100869
24821874
29995451
5201009
914717
15309999
17834920
3711043
22308300
17702147
6587488
6328435
8708949
22258917
13965564
25062458
10443246
9809649
21726219
25026947
21850990
14218694
5339854
29616650
7929606
26633608
25009929
5258900
4244749
13804282
11011527
2006563
23273077
10906535
8264953
10769227
6689515
18261562
29749492
6447840
20484463
1063819
13200569
13963402
18688148
24360491
16043830
28499165
24733737
7730140
17226205
24361787
5562819
27365799
8811386
25755716
14116990
9631237
25289341
13697777
9957771
22363993
13406875
1645550
1307387
12636313
14460071
28426143
13767878
16760850
6034743
27288685
4080067
20671817
18548472
29050531
11044885
21105952
2464122
13533690
19082055
2733425
16125195
16468287
23898417
15607016
25179804
8191019
6682654
1497367
19380216
7219318
13449133
2679483
11898050
985380
21510507
24329381
149122
4479676
12673667
27472622
21804946
26002432
1645060
12542615
28402631
5914013
28424097
11085608
6988850
6553921
28910307
4666385
29984726
827574
6465099
23157632
7392916
28317825
2085671
6600407
26830347
18368134
5550603
42750
17054786
28762313
20804894
24539260
26998558
21094926
22531168
12643821
22980080
27273721
22169118
18281416
24010733
3285418
3771273
261869
3815889
1345282
3201422
27934039
5348477
27085934
10194007
4852450
6005243
28608191
14342369
3304283
18088181
28429286
12367892
26517614
7928971
27451719
13625818
23074564
22692317
11525554
21220007
22923775
16999725
27456551
19182518
10072484
20440366
25591465
23073077
19038711
3451782
25512730
9088228
2500736
9774770
17131027
6677493
27346731
23588016
27235275
1991880
6388405
24185377
21848426
18345632
3978545
3660054
20945228
24932027
13620521
12981762
10236636
396426
10356455
9928185
604444
19764661
12315382
28513375
17081835
21921702
23011394
5540628
29596909
29938436
14079425
828976
15968116
9750658
12621409
19125859
780532
29901789
21850214
18323852
7588488
20003744
28184712
902053
5354334
11660994
2981143
24762262
26375459
18903176
24843998
15462002
9386116
28493496
17530840
7080418
15737181
23653001
20015852
11090554
27098443
22025697
7652626
4130337
24324629
22434607
1166984
20396740
4582738
15294217
23408913
7574256
17104817
22387711
15419738
3643517
3245243
10162631
28960304
25689731
17741549
23578271
18885612
22136741
29937524
3430936
29782495
3635160
871460
16832917
6542690
11594962
17040922
20142177
6785404
15487020
11258805
15451207
29886182
524339
17320127
24056621
25676965
12692032
13625432
8414361
18464416
10845969
24314550
21485783
3888017
26888471
1393669
18737419
10766515
5276920
8515706
15917277
6806531
18736173
27347053
5204562
14979300
14705605
24330645
3085885
15683919
4621055
1643929
25852465
8521697
23326033
12493450
17235966
5398944
14197996
18338248
9733243
27183935
4635121
11541181
13103731
26892487
4705338
26409823
17376993
18665368
15329664
28328354
3143595
12768128
29593822
15206595
20502944
2822993
26170329
935070
21520066
28766098
25454900
8882247
21722833
5937970
8836945
7688570
20804525
13167128
28136803
27389263
28176362
7238363
1152068
15598394
9849965
25050237
27940154
26288539
22602607
12164618
8292674
27644258
7858949
18944264
2670027
12001281
4324230
29509548
25587171
24221219
6382981
29104219
9373718
21350086
6793039
6625904
13968812
10017010
4711783
5956693
143193
24309919
11960842
1617359
8978414
602155
5943511
16561738
23032821
13600986
8418342
5933945
13257107
16528729
9698933
9439849
10928150
22541822
27449642
15851339
29470089
28655245
380799
23357289
4472078
9092545
14085006
21076489
9541397
20310489
29978241
27774142
1832227
22182109
24536900
13281704
22007420
9918711
19949687
26789831
3965993
25097449
2921561
21482096
25439332
26633611
1562259
2608079
9838112
15934873
21135561
15910287
22780629
20749783
19073410
28152097
9522478
4026651
25548569
4864036
28748838
8180549
17451220
2171377
13762735
28237876
24100236
7650838
15400510
16087522
24679576
15776572
11189767
18288538
20475760
3698641
15732144
11051253
3507358
21945067
26684704
2393599
29096781
16667151
4422809
16500057
19355548
1611370
10537614
5184340
434327
26911999
10001835
27468631
26782742
10820999
28379729
3032168
25517556
5741938
10130789
22576750
13168340
19865403
1743665
24686145
20555558
26425288
16925039
4077845
17582534
12772474
29066988
16661136
24006537
28264232
1542298
17274191
8295027
24533662
6216451
6750403
1109685
21918796
21132547
19607423
5260181
20001759
25800842
7605178
12059604
27442421
14373113
29816207
17580472
28924338
13449483
6337767
4692051
18205612
13282767
5737896
24437715
23943757
22963648
4001933
9868503
5934581
5156616
18753118
4673557
476465
19771099
15516119
29584282
283931
23521865
4300949
27568739
18697759
29643285
4618832
19913142
939457
20149909
16332316
28176990
4690830
21750169
2911085
13039946
7861081
7879865
8183233
7146807
25809887
6873389
10020055
24531910
27496740
19993821
21645550
22806818
9701790
3743971
28324526
5530470
1702800
4680240
10217972
27109957
22049007
1658550
5517543
22469839
22551983
18586578
718419
22230282
5482853
12256447
29512448
21496433
23509651
8673843
10155447
23700043
1739175
2554335
5149016
10654172
15760914
19263974
25725352
23774726
13651146
7208855
29115519
9459656
643291
16814036
2714775
25477305
158487
674537
17943186
2073172
12205676
2395879
777357
21612653
19094737
25219293
20240373
6139596
380987
1618691
9416957
19257172
23258414
9067440
29804166
26257391
10068730
15949133
8999043
14007207
15716471
12157747
8544301
18864934
10214678
23812929
7135001
29916203
10179936
1348069
16370916
6855222
12841561
25607277
912293
697287
26315857
20978609
9013802
12928454
3074920
9605352
8632714
18232855
17551712
26334042
29947471
25741939
21640947
19025738
11761117
7516982
24272260
27980648
2559813
12865554
5145844
165319
25108141
20695107
11044330
6609217
24981417
517364
5479160
28714179
13853535
8323818
8784511
9767794
28759257
11990620
14398750
9752813
28085025
21813612
18273662
20610193
27861791
18929216
17300166
7366614
20159170
16929194
5520390
237320
25759187
21121927
18612304
204665
16695084
14941680
24403886
28001176
11476173
19922347
19164974
26891144
20408923
29259685
27985235
28524669
19912548
14462160
1075533
26353943
17347921
22242478
801097
19155879
997484
23464854
2467930
16835859
5409354
28987422
26362258
3708406
23558573
14818187
7731495
29116788
27635383
5462972
10819814
24017996
17909634
3774866
16709793
19690203
8420308
5714572
17637314
14516905
7431347
19025244
6738741
14571787
20798883
3879474
16780812
5797855
15984221
15574682
18341736
29668087
17998279
15976210
27680385
9487656
20963237
23724405
6910463
18850441
13431690
7394424
23369673
15011647
5033973
5085990
9276000
18219060
5280622
22578885
670377
14708650
17991288
11884726
8517597
19525732
1289010
29723281
22903382
10414800
26949140
10448691
4893348
5119388
13202897
20795197
19770436
2903800
25201003
10254493
8477480
10255525
27984002
6579629
18337744
24631906
6089860
12330937
23869119
18219672
7602548
23196669
1827821
27118295
4406425
5699992
9022292
5780579
5966174
14358239
15954443
20367588
8993946
111165
24539130
18268382
20322287
25037817
3492928
22330963
4778943
27396624
4840819
16994265
19003593
13989293
8109707
20252996
3236326
26613701
24925394
15043249
11986678
18526126
24592393
7216209
28085024
27445855
4945388
21291282
18183344
15725926
22499947
5423791
20949717
17246382
23152273
24361171
15414435
27459985
15191279
20243699
19109773
14355987
22849230
1598681
3844235
24698995
1645556
27897291
13940026
12289348
29532146
5171089
22673213
6746642
8537126
17986763
7424993
13410292
3535199
13762084
25999672
8767269
10668843
10465365
22660768
10122435
5434761
21872302
22675721
29033959
24334853
15070336
8874380
26964229
11705947
4529243
13285239
24355580
5686778
20532938
2929709
11686640
13142584
20627823
22948541
284758
26023693
25123870
13201911
11257795
13312045
16209324
1245658
10701644
29674252
16881045
9667371
4343627
11213738
10903524
24652328
10872942
10535494
28165561
18490572
15895225
24574010
24273815
16220691
14801486
5587311
19182410
10364413
11490007
2735711
5373956
5651071
13033290
24344417
24986873
22047562
24098892
13629530
5734672
28326878
19962498
8067765
11748411
12970602
17364454
1872440
26913642
26638361
12599813
9657657
7317003
21104091
14487338
13646378
3280479
6050279
8369057
19476685
25081549
29886993
27389695
17581295
21908381
19959365
17947972
21613148
14092191
3004714
13748511
18414777
17620402
18290227
12436100
22005430
17599358
2768783
13842006
20292468
29772067
9806299
18049344
15356902
19672441
212254
6828628
1057416
13325822
11634480
802913
16616036
20331361
20055605
3009390
29015778
13290464
26593347
6270987
8062632
20684040
1990867
8847023
11723687
24072091
14976322
7071457
17679490
14875497
13156803
3819583
12386517
24752117
5866677
5824829
8586899
29283092
29624917
22976095
13438509
3944427
19949799
23264607
18857480
18501422
1696972
19874779
20595223
11604346
25272943
25117531
3818825
29509442
23758805
524910
13146226
13215909
9264584
13431372
2632808
20812396
15717124
28155145
6477535
1906206
13571507
15982850
8903030
16972447
1010293
5281184
12717395
12177688
28194987
3922558
13916714
25021016
15114643
20321342
26129505
14142337
9284714
20907213
3240288
23185821
13511345
20991576
28474894
21326414
16347017
16446256
16250662
12027105
21102056
14998826
4579638
29456237
22606588
26465820
5260149
19588032
6150766
28393229
14202863
21774036
20829485
6489676
4890357
6216030
23952810
16914143
1223293
26438018
24161178
13265889
7524750
16121820
20038630
17959474
24569612
258857
13425530
20886775
4863923
26765837
6787
7617375
6595065
24275716
27761918
13935734
16232349
5159466
22919377
8944822
28417944
19387251
12485165
9010120
16481451
19717508
10412828
11654548
25572051
27113765
23128769
11894549
5696657
5792067
23195411
1148329
22462854
16482345
24370847
18942747
20593839
20649590
13339685
27719810
11935035
6910024
20767339
18633016
21834116
1609147
18554196
9740102
23948333
22664302
4798077
2104515
8760897
26373934
1071086
11400598
25912930
11771437
28898999
15741405
11136883
22792427
26524290
20981251
21667081
8642314
13290405
29647142
22063201
27176938
6061819
20798463
2930054
8500552
22923599
21382076
16612146
27868601
9003147
23627550
28820752
26657817
25693084
20074847
2342629
5890555
22972976
2244401
27337410
1604853
6376695
22220786
17914531
1438834
7768391
19956019
4874768
14272194
22504015
10672747
21833406
27513021
29111805
26731287
21836191
7421754
3354102
6939999
14896117
22343896
29335953
8959231
6267328
13002943
11858117
22893910
7330607
12717782
9205122
7414959
24230871
27296043
14710217
24408975
5735933
9969198
17702395
24050292
19614408
28114039
12986680
17509097
14595350
23439308
15165065
12873788
29588641
25749230
1859265
23332169
17224849
15482233
9586603
5840392
9131053
17207314
26725605
29409735
19934272
12170992
21060569
14218324
21871011
4338651
12185984
24353898
3778201
3771812
22550938
16071007
24125106
11238393
24265463
20169013
8489103
22076618
18961550
21658736
2324006
27616520
25021035
20683457
29259966
3900316
2801764
15446241
11209603
23594390
20920496
27496946
26208158
18439827
20131564
7684630
4403934
29588293
8923699
4078694
14804803
27698727
14121840
17214836
7865094
2451442
11001172
3565654
20225506
2524595
26312573
1433026
15600004
2895310
2349169
13102375
19370711
23810641
6085691
17867275
28626224
11872417
29332719
2911558
28594743
20623009
8894012
29308084
19495777
7799430
22193438
6964191
19680928
25624152
29261633
5054561
24880015
20149098
28687658
4148620
440636
24907368
16708847
6421405
1914610
13900396
7610666
23755633
14148641
5490012
8454907
12067835
1952366
7402981
24112311
9593129
15780218
6713832
5100749
21223070
28894312
26060113
12230665
12323699
21857870
6567282
20573167
27851603
1278088
184139
28246517
18709951
7475410
12074022
28354351
21705053
1697500
21815454
5939160
6726117
933996
7882032
12740963
2092854
25422228
29434633
15426411
9212964
5557341
5507129
11814517
12759325
21282141
4144793
2864609
8275097
1440950
3083959
4909684
5214267
22592240
20939160
19331809
26833926
12211717
8434723
18003275
6558387
12990914
22074930
21191233
25767507
21893875
26697091
13756151