15662483
8772385
18162788
7255669
1247995
18563895
15684611
23944464
19381239
10377879
4882135
12535975
13822866
26634854
21824672
24230272
13792830
10272966
5865613
21261185
24164157
13750108
11774393
11715374
7942210
3406990
3274335
11838510
1116263
7778602
14941321
17239557
14150334
3475442
2391740
19053999
13417032
5766782
5061494
2374550
8293315
23531706
9333958
11846962
3756460
28022104
21835153
8261114
10502066
11138259
8232042
15785015
24697348
19400473
24269544
14666338
9043780
11371134
28828171
14607076
21557395
3640575
25445347
2554397
2589157
25142079
14120016
21960461
23347984
20444554
7267118
19069214
978982
16092977
26323938
16925909
8594340
19295247
23036131
7505341
9722320
24823238
20497570
21113993
26949366
14648784
543370
8544238
16371519
13211950
5914875
23612693
19335064
18263668
23475910
27102022
12312730
22010398
17879145
24874363
4081988
26679035
21759245
23017037
29914102
24593623
14384048
27915275
4963587
5699304
8620603
20804656
22080316
5084669
13435267
24576611
17405773
22706845
14041657
11306793
10479047
15424024
17943649
23998179
27790335
25182098
23070879
7928826
7188430
1185068
26269100
25980062
7365211
12095232
29482786
28820758
12243614
29555994
17112895
4819032
18322988
23414323
17947451
12210943
1461891
2115396
2524061
18324745
24672893
8934882
10391944
23890891
23050731
6006232
24545452
20294684
5859531
15966708
21957366
17944949
13999627
29543073
2752193
20433608
29992348
1855238
5507011
5078297
25928721
20429877
2782653
3145934
18113289
4934778
27954501
7573029
4997712
3123053
19560558
17787746
20851036
19415456
14448948
19299994
29143320
4903100
11974822
7939005
13149301
4376629
16957188
23273886
12876610
9918858
2039239
11184390
15468334
25081113
153471
16406923
2038547
25004746
20853690
14731577
24685012
12402554
6454633
10364031
13130455
25420419
28621117
23671292
29426778
5807169
25981130
16836293
7619479
4617883
14957406
12304382
29325117
21859558
22569460
334448
24189907
23563866
28304235
8267126
5846359
2822183
6748313
6021809
24634707
186213
19794320
7808295
27085198
19810219
12827597
18367648
13920212
4774026
3625658
14557486
16605906
3300947
4319363
20904988
19364360
18972440
26754600
16392833
11561037
6588810
26723412
11078195
10960311
6963738
3438531
9615258
12565012
19706
9264299
15572197
16140570
17089550
28229375
19696245
11673884
7931169
26520625
24251231
22445817
3802964
22972496
17376431
3197664
11167745
28110482
23838741
10838418
7697043
4212452
6511502
14378648
4913106
28745129
28829778
22957228
22454937
5933410
11536442
15250588
18692894
19232091
26862893
23610039
9439354
26177959
29802114
15126928
29405957
18129276
29824855
26597294
1187153
317427
15087219
2193262
3896814
20599682
16726908
19899766
15732539
22676377
21765234
878271
4184579
29961356
16857370
8193389
7545542
5257387
21491288
3862384
1206530
29163841
6835233
7004090
29246
8657685
22905831
6844956
29008765
23875901
15119730
14088924
8075510
20970173
1572797
16355399
24452133
10822280
26405081
26495201
16788535
25033584
19266992
19063237
8069017
27013277
8571267
7535278
11119611
16330530
477478
19039224
8573004
16855905
8087494
8870441
680533
2783710
16152878
25102235
26427602
7973079
22886616
7216862
7062617
861257
2966319
21606075
23233622
25327765
8611953
2051471
23215337
18306425
25104542
14757978
2425006
29190538
21238544
3791783
25593573
3822940
17719660
19317874
6031415
3715098
1306428
19951982
8780522
22359785
23565339
26775889
1016629
12807741
11279346
3400190
27897483
2053631
29970106
28663201
9972223
8682759
16448427
2084486
2719189
22921363
335217
8686669
14969301
3877105
2906337
10662034
2925359
29067201
2055509
19504644
8810101
27645429
24275365
21636623
13511517
15207460
27945954
2572681
23344346
21844050
1454878
19435957
16495292
13007913
27542727
16985590
17339123
6817134
13576548
3201120
28208564
11115269
18260835
3686888
17907559
22939034
11290810
898664
16568773
1379496
159037
25286370
11765793
23502450
26106197
21778967
8135549
22388519
24508255
8900053
1558270
12108512
4095261
8736282
25654122
7397788
29180988
25195614
5793581
13434996
11454614
25325317
23820627
2147129
517675
4873552
27389296
23106000
4074059
22323346
20649026
25162884
726026
6061361
17161185
10454956
25050784
9226919
29378196
18696953
2023814
25568229
27972891
22339834
27740165
2568335
3050535
12379430
20542452
5305818
21352767
24040034
12570742
24096661
9155023
17131312
20691207
2000008
11568796
9233539
4563049
24777067
7528591
25083330
9864901
23441579
19550570
25921233
21965539
22878390
7982934
27810121
13132745
11676589
28786102
24075028
24440820
22650505
7851498
21738274
26724521
17571803
22324829
5019103
13256363
868096
20789127
28955170
26366730
26677202
8941546
13064236
29717411
13885215
9250779
27942930
7316559
24798735
27909139
18787805
29675189
15005663
27395227
6500886
26153144
21777047
23188851
4364531
28240108
13482368
10597217
6232524
6451348
12822386
130787
20682216
16918739
16751815
29433464
29613102
784700
19878490
17853548
19201761
5110772
27022935
12248821
1580231
5258948
8824249
10915076
15460332
8774656
491655
4094122
26146275
17962578
22031459
9807297
7430997
1644793
25073154
9674298
11476716
25618033
19666489
2949519
10011852
24104764
27118740
29683450
3379098
26616845
12602503
10832868
25993903
48552
10251640
11442024
22714362
1641759
4733032
9126290
25883904
17369792
26778109
2114876
19443346
13582083
6400238
2743341
8800714
19567824
18683550
7355888
21583417
19346118
16971337
923005
26086094
341670
5220393
17269233
17819210
22880376
14891872
28776224
23598748
17841568
23232747
370838
20700514
4713503
17659865
13051080
28621826
14418016
25756476
19242957
11428579
27171366
20804905
9185130
20518928
20272651
18272122
8603117
10285095
3515621
14805932
4591786
22978730
6847325
5638019
15828628
13494360
18908979
371655
28210487
24833015
12650756
15916592
6443571
26195855
29542478
26765897
507998
11310413
899651
27039659
16269343
6913726
9096776
10037891
1266096
17496229
23521986
4212677
27886480
12798801
16236313
24509352
19049991
11416960
29732797
25799612
22731740
4257392
20977574
19471954
20293047
28109542
2952929
25746119
18774438
13601955
17945814
12283951
18678994
28842647
4343358
5179128
10016973
28394336
24574103
22939809
7270249
21013266
20938236
15373636
12306425
1920092
19777293
18204742
17881186
11585907
23700537
7374134
15850646
8414777
5479826
28943275
17188457
15797962
3277051
28979951
25642505
24323504
4743665
12005115
23807987
23483441
3019929
19452838
26157459
17841118
26295732
13708404
14970499
18429060
1220376
9033252
2976792
26202290
25076721
18115712
17704691
18720811
14469290
1591516
26782944
19163633
3309366
4745720
10728515
19962065
3264261
19477568
4162193
23928538
17542873
25570326
17011742
16334829
2018068
29950492
21754354
7154400
4158422
17030962
21834259
5970087
9843351
17978667
13557889
23087560
643125
11687854
15447393
13429790
14929698
13020296
14581453
26623777
6258680
10412902
27191251
21788177
22521409
3217524
16784956
12839602
28242608
5385981
1333812
16562764
28611519
25924925
15199037
3413908
7661286
25189345
12798241
3936558
12985964
4388260
7358528
12291287
12322446
18280030
11545076
15646568
7182484
6976305
15627333
4050634
21923273
10646764
27082535
19932422
16707704
23754894
20970458
25352104
8385513
26849090
13238412
3833612
18185480
2098551
11646218
18856720
19721950
3272311
19424767
22378236
5349283
20211529
20119573
24145418
21257498
9318568
24557776
26867186
6782609
19530418
20899949
8046633
2080262
4281033
5848190
13607680
1115592
7674481
6723719
17530417
616052
107810
17737926
8066449
1226548
1128031
19030761
19819872
17217267
8802924
15830368
1278078
29706475
7214864
15269807
4412774
6854352
26405129
15475317
14466759
24453100
26618916
23608366
7970670
27663781
18300487
19079628
375950
3889754
4661591
25482844
19400288
4599005
27568932
1624523
15079637
9509337
1002499
10392591
9349780
22190665
10149139
19241552
16814677
1506256
24222950
28972879
14092028
22456985
15807112
12078171
14260738
12637902
17464452
9439689
12183634
14226372
10718660
3330882
22092309
8937330
14549311
20620302
12884213
1752854
10531389
25691243
22557167
28763002
19736541
28665007
10834007
4486364
14674363
29871493
4667386
6554751
5377942
11398165
4762644
77465
25220275
20098441
19833302
22601223
17759151
17225518
1923344
15161660
12866074
11782212
639000
26606245
10451756
1365080
16067404
3930419
9536677
28358326
9751186
13922032
4233346
15509706
15707407
23062260
19502955
8776220
4774608
2902890
20121981
4274248
12208307
21032840
14404622
3999543
8435898
10393713
12208210
23287563
7424634
23904169
8374290
19726209
16053084
11742657
18942624
706867
4804058
12977729
28119939
2563724
437991
27175626
27785480
4271598
2720808
9720358
20173040
16983168
1201131
19648337
27608063
26490176
17310568
24917710
9493703
21937258
27099465
11156334
18343313
3250342
25608334
17547002
26377224
13129280
15246364
26839076
19977170
28660111
27746413
6265745
574957
16255202
13003464
15280535
19569253
18538466
16020943
19695868
6662691
1713472
14393690
10580155
280268
9977126
18543627
28363740
20872760
5446664
8378679
4447208
29812296
2055279
16432665
20250440
21042974
13450440
23579088
10179031
4466168
22673194
11818837
8959622
19203444
19640957
13385997
13323890
10423355
27893924
13472314
23714518
25950438
5346621
2744007
18358397
19676294
22113365
271746
29714758
8913794
13620979
23831421
10701969
2141278
14619325
1734751
15708747
9720058
25343545
5557318
2554428
29588205
27159755
28936291
2517474
383571
7116714
28415364
9381990
27441085
21832731
21551615
27242594
12311457
7776328
20041361
27984436
12361568
10798545
17695899
29648989
26777754
15678695
2819975
18385551
20551977
8685866
5345414
19829232
6812011
12910504
18252471
27617887
9799348
2928338
13307859
28416786
28352459
26940909
16654173
12984825
3156745
19075396
11479489
9026520
11518360
12453614
27804892
29579252
21268963
9770535
3054407
19605868
11989038
17161464
17201871
25864243
7227297
5322473
2445292
7031768
10872480
23290797
25400819
577461
12851395
1154653
27401571
11583346
17018021
9142448
25333779
27347153
256686
7576662
22437575
8090977
5440116
16685238
15742182
10219920
9531364
19223966
3213324
13412806
3935381
18973038
6974574
4199143
631543
19467020
15304179
25075736
5031377
22880828
6989827
22419925
577607
717872
8765834
9352708
15014086
10815370
1738933
11160430
17393614
16595789
10539655
20628459
21827430
7909168
8689619
4911730
15151512
10182394
28120015
9878278
10221611
3593020
28812843
5000668
11321661
4215684
7838304
10486652
13533106
28010426
14468339
26668082
16445131
19128078
18709151
5691689
4784278
22900023
208726
25505358
7540674
13560663
14827988
20971627
24897368
28969184
3775290
14683262
12170175
15503462
12016657
22893098
17026874
8472491
23504992
11892696
11752085
15823216
10770843
811644
26248245
21592166
26974840
1367986
20782107
6910153
11685858
23476236
6077872
28795781
19418964
24084377
12579222
16737710
8899775
25604224
7067047
26356591
14729962
24181859
4661602
26773215
11026777
5093971
29183714
3925667
23169439
25046917
11522263
25426784
21924607
14604184
18351500
846179
12312547
27556124
11057066
10793034
27515669
9645947
5447415
741391
25988363
10396934
27964021
16255618
20715001
27682068
9786497
8613321
9157192
19133764
20406148
10370536
24509002
7732548
11588575
7089501
10109846
24347462
27646808
20013814
4827806
29483443
29493214
15055270
14968466
21704304
15839184
16813465
20287696
11607429
23405890
25869707
9499424
5478461
11143074
22620784
9515921
7397275
10442179
13559909
7550743
4667375
22828793
19005415
3477886
2706058
27394409
21135852
14670549
13943915
4354411
29872840
7891897
12895856
26658286
2916412
16675806
18401937
23424060
29400949
27178916
26209538
13978635
14477851
27487576
24136112
6069122
23551636
2984492
12125582
5730456
20766737
16496835
26581828
26235377
8199348
24419690
19266544
2010167
15487206
16034295
15902991
14347719
24993384
28836244
23061886
8609492
17561570
25100205
20664215
9576462
6905203
29351191
22935326
25745202
25795087
15994929
6003226
28903910
5141551
21809132
11763485
21069117
15729354
24495220
14778123
17942791
7614820
15317599
10502952
20532673
29506772
248712
5574455
5946962
28462280
1595045
3615003
29020467
7338728
25462564
28944499
11900671
7295801
27664141
23957441
10897292
20909085
6493995
19576190
21462304
5440839
955819
10113075
10072372
26714115
7043524
25001219
11745902
26530522
1839822
8342929
7975937
13585314
23362380
5350844
10742994
17766590
12997043
23764033
19901014
19519279
28028992
17204120
8027676
9072270
15310440
10557993
11399076
19566537
9381355
4111676
26660646
12836887
16949878
18778115
15414692
18207819
19804688
3223282
25323971
28414398
16764104
620091
3638776
28098833
7282761
4236485
1288277
29694166
2939265
19179795
11225942
11736753
2887292
9706971
8550477
6882408
923906
20016977
29909521
26176326
5811813
10721491
11767416
6501262
18270207
12715172
14405272
24045175
11313261
1436644
19643496
1907925
3676664
5610033
11715688
13755142
7652203
15392650
14164957
28493909
28388415
3651849
1708223
15352741
25945642
21727513
2263208
25784418
12651110
13354854
14939569
13947417
16357330
26392191
7081845
19438201
25192259
24200478
16424557
9657650
29123453
23793787
11729531
28034788
8201084
27435585
16270235
10517546
6829967
15107986
20757902
9448441
16829570
17515600
3171671
28682072
27537706
5000562
17466623
19911273
17211735
18797219
18428808
968301
10071353
21991117
17574530
15013651
5483130
14891493
22333729
10151744
16683433
22018751
19121519
6989684
12364781
19739390
960741
28867199
9254541
20642400
4281447
16402220
10127799
12451950
26268634
20404777
20609099
27987636
21779581
1432071
21321317
17452367
13139704
10238744
1187085
28317464
10913740
17311244
10137099
8472171
5915942
8115511
26852088
7710944
15394435
14523768
29604252
1675273
1824558
16755640
19927000
16099115
16036510
18377117
6561210
26490701
14456138
25848731
22795232
21841066
8681226
29820728
23309484
28435559
27359197
4031376
26319227
15067800
14455079
13208824
2662649
1633556
11713644
10601092
9546407
5779948
28534130
27457101
3329342
9799203
29708749
7572463
15282776
24386947
22869302
7341841
7027867
21925780
27582926
18132819
19778689
453272
11241340
11511651
7937045
16619580
5982436
24579283
28470068
7172827
19366057
16950857
10097320
28411869
5531220
1802451
23498185
27459266
10245743
13807864
29293925
8404806
22350904
329865
18978066
12021146
7914929
7733473
29296386
28390480
12531327
21392937
9648643
29250614
3094815
27805038
15844134
8196121
28571014
7736866
21005622
654409
507560
15388139
18658814
24986936
28831486
4312078
6579261
12543641
5418190
8134121
7537302
26168621
23918211
29700836
2647480
14682434
4207509
662991
28306530
26042327
8885971
27766357
2304576
21967155
6530397
2660652
23890220
25935364
23527445
6255899
29257130
5862286
28039203
15999537
24454195
26911614
11346616
18294044
3208538
10453843
9451369
6351779
14345675
3591745
4082794
20555502
23699330
2554081
11448038
7122341
29340717
8513558
1620222
3538665
26070499
2994559
28140967
21385478
23463908
11663246
19359878
12551439
1115595
2618822
10152243
24602478
9449280
27811152
12710204
29736608
1708216
21221801
9804807
24480827
25353172
26798198
1060459
21870372
23617212
7143629
19335102
25852263
23626576
12425530
4952493
8708208
20209255
13210829
19089073
9223361
25838212
15301550
21515886
15038578
11432449
16376517
28527794
2892322
4365524
13505759
21296265
13500585
2540352
27457252
25544314
15271212
11205504
812727
29200922
21384416
29801095
29582797
18331402
158726
12000110
12064921
21851646
14525427
2688358
10231767
904918
10081238
17104727
11946329
244051
10054439
21816154
25055821
27359993
14405889
22000977
14805411
12994643
10462975
4574539
13383728
5210073
502373
17465694
20367511
5840503
13510547
23909468
22988096
9479906
12923729
7043398
16529571
14267540
507353
24827038
18090131
7453743
19912819
8745205
425008
13330089
4115689
2238823
27510300
23095905
10885539
16917229
5318844
11042028
21603915
22845221
20376917
7644362
6410195
9396220
9511368
15511096
8821755
1234563
25758580
18231154
28043698
27641402
5758614
29628771
18062865
8599543
19435882
18528831
1906681
22732077
7061637
5752490
7806112
14225960
13664351
9385027
21254565
21734490
7187887
14289383
25144741
9199369
14795792
17506926
5356251
6387712
27862607
1798268
24471509
12485761
6710725
7199287
18822457
17557496
9690248
1654107
25767033
24613223
10083775
27927088
1263683
21102044
9090073
11144399
6063193
7658166
12776006
13581733
11886999
4327280
27319521
4813370
22522202
18172014
22564960
5486011
22594574
14579855
9304932
12001386
23099027
27545897
42168
717865
26266147
4148058
25790748
3450551
27654582
25653548
9219631
4757122
24206990
2507652
4322996
18991435
28479526
11486086
21672583
23064277
23664557
20785103
10244987
7792656
17469995
16383311
8122946
9615272
22243789
16558117
21432436
10802633
2559686
19711662
3106531
11806499
6663063
13359202
12601144
12741049
20005361
26735807
9791181
7815020
27118677
3080722
25247950
28920007
26509997
18255582
14469440
3819581
1032646
24682898
16279058
18507997
680914
23463989
9096639
11941765
20615771
19330904
21013633
18432988
18593514
18303834
15586148
28138419
22656545
25203189
29862504
5319644
25322417
24730431
9431950
15317931
28816557
19858134
20297332
8860004
26368415
8910928
25140263
3966454
7431559
18398002
1810682
25949533
24437171
16362010
16703769
18798479
22791356
12263036
208534
26658386
923463
22105449
14750826
3441465
11662394
2381650
14453385
24087410
4267651
25584527
28200532
26402923
7818583
489197
7232011
3414078
10606149
12407043
20472943
14578027
3122830
22823081
21858712
4544273
20404338
9984914
1111197
2728099
11396474
26149616
8593852
27141924
23373261
26958265
13891322
26889592
22717916
14760471
19195192
12637111
18445740
5736205
19417465
16771670
16790603
5675613
561147
14192722
25357537
7092992
11769124
18227577
7926785
19243455
9625734
12476331
21013097
9187562
29188144
18221640
21441369
1816630
21661072
25761274
16652308
1671276
17897552
7756285
4388810
25257335
3800017
6502418
568605
2053043
22097433
17409522
4952134
2702895
8870416
6846711
12518249
19029117
17309159
7562877
29913488
29879448
4494655
14177038
822643
4602573
10030988
13975182
16991726
7546038
7093628
26777940
21165530
11600144
12529983
22390370
29313625
13347994
4087940
20726982
3352369
28357706
14357305
1014821
5521540
22645779
10920692
24554127
25117737
22323117
27122402
10985540
14381723
17827393
2579231
8464491
22753669
17360450
20620331
24989387
29494473
15374659
14373508
10582366
21918098
9240792
5496273
15706906
9173505
23893564
22514747
5357293
9591425
8282934
26194636
14431602
14740231
18632384
22754001
19786394
28557539
14412706
7818407
18308578
19512833
25687480
12321914
4524134
18885973
14523684
8649138
21837455
17162139
16980266
23494193
19106527
7581676
26121753
8895227
10509573
27718062
7157328
23203661
26475634
5581839
17712513
9485902
13116660
26389206
3431602
19520024
1206350
17606267
9890602
800159
22412884
16174772
15540718
29292224
26445610
8372902
9310098
23162434
14261621
12183806
20566191
21427712
21018167
20407483
14700892
53241
495285
14905161
17614680
29675852
1472015
3075034
9420626
21891383
2947871
20558967
19402980
24367176
18828377
1776335
161947
4426442
11284342
13805100
19853005
13403730
7807023
4048175
29403830
4611587
4669172
18263637
951377
19951963
5021283
23695410
29950168
4945298
5668646
8936500
28771803
1263573
6518883
27820921
2224144
11623114
17573708
16920351
17629036
23202282
11436612
23566999
24065981
14560585
13492581
3550270
17401035
4964484
23863973
22792058
21485976
18630749
16538824
29507206
1050557
17076883
15085044
18826825
2806485
14219959
19011077
20429787
23792989
7231771
3209208
1066831
7624855
26323960
5094713
10585249
9593602
17703208
12774991
29273042
3312450
590959
1470230
10569120
22889497
24165049
16524626
6684493
227646
12030856
4461454
6278167
722778
20103049
15041532
22734857
5608772
239446
24213016
19911767
17642288
3198996
547234
5527929
8039620
11269083
1161198
22175138
22578676
7559333
978396
5190309
14431422
11810652
8623511
21192447
20104586
15206038
28568315
16878296
22085221
18241530
3245338
20715852
506023
25172847
75439
21799923
15794755
17381139
23881136
9722899
13731828
3210286
1687324
19400839
2100827
9865767
23185887
27930104
21062604
19768563
6308728
2371306
17197375
25418691
4533059
4824261
13603923
16955549
17623771
24335709
11719443
2834379
14064466
778175
7788444
29657198
8535603
10060434
23185113
17178093
5826468
21749709
4739932
13135875
3189303
5525486
24797329
16640383
9953995
2804110
29442975
5809773
17696249
501190
13871707
29858563
2673340
13036237
3617208
1848661
18785129
2499028
12872738
29382976
11987126
12981812
8525684
11759509
6627345
26716743
12590641
3619011
24322018
661023
27400460
8016478
20890628
2996810
6120781
9284939
19138455
3704732
12249661
16106983
4546792
15105187
27564364
28191200
23007245
13972525
21346800
20415494
6820077
14707932
14574442
24092274
13297717
5429207
12589979
13171638
3697354
6145461
23435693
29143231
19980380
7078960
27100924
20689711
5948749
7906600
16011263
5963654
29823871
4365751
9614717
13829645
24993432
19272960
8167765
28215601
8424282
24041315
9688397
28709802
1400176
19966328
6718809
24523949
2720080
2281038
6813100
21126642
16003398
19547109
24791548
9951125
21374380
1180041
1618391
17720639
4675507
20063319
2643487
24208297
10851551
6991978
24425145
717226
8949494
7396630
22211468
11289308
20809314
24444865
960136
15714823
21352722
21145940
16264880
6031106
7296369
6773080
28519555
20093848
29433295
4094329
8092772
25582341
15652226
19005801
25117878
17364217
27347217
22105647
25061647
8500820
564258
18365933
4848782
15483594
29905506
22494773
10881044
28788791
23581196
3895457
4630565
16748527
9566419
29812598
7396286
2023240
9086516
26187824
29997154
9618937
6936526
10481240
22114773
6678990
24869604
4113040
22625728
27890989
27151373
27976204
5569114
20013588
1177273
23337586
13644156
15795147
15384728
742839
17343854
3054217
18292946
22132496
1458265
3641246
7368028
27779956
20345073
10279470
12013054
1953071
19238228
28457058
12069414
28746862
10221524
26646571
16363767
21105201
145421
4819598
8201452
24727996
9987419
12138047
13953872
28922330
18512234
24798720
15293663
4469448
1432756
27434914
29574611
12051626
26387490
5711066
8993588
659742
15469431
12047568
1723316
7264665
22980551
9483481
25291385
23892521
13431340
11728838
15172500
5971180
13283795
29359107
10910815
6357941
11757989
187293
2928744
7498472
23722012
1917395
6025733
27547836
10627440
3595108
1228722
28501512
26399538
427864
19962410
7376606
14269617
9478568
11912404
18907120
14016115
22218755
17494925
9173107
20881480
7333955
19785481
27958845
245636
25883885
6780240
26085510
6006509
25669408
12581262
20456737
24742983
14672123
18728233
9689271
2138660
226588
27864172
18334651
16950633
20071518
21186776
24947595
13692342
11302411
2531893
1856521
24276711
14062398
4425350
12058300
23255834
22636812
11711661
23971366
17147270
18017728
23532802
24094194
13035453
17421867
24773788
15759091
5327859
21048747
722033
3019273
16320492
13359147
16118616
15047080
22298933
10986430
17543810
10948335
4589834
12506438
17673562
7892536
24719126
23651104
15127217
23977744
21365677
19201636
20895434
24290576
10126387
11332084
24249013
8213928
2213848
20402892
17211321
17657149
29106708
20517758
28692274
1786308
5030091
5836647
16307114
25872220
27135764
14187889
13072302
15386758
26130717
4924614
18628373
8941790
28823621
3600926
12693985
20564047
21521844
7153907
7205035
22522290
5243998
26869821
24180371
27318565
9790241
4334602
13400234
24293836
20063040
18162377
7803000
7245778
12514160
12262030
7730644
14343256
27559457
15843593
25116002
19689101
10730242
19546490
28878653
5313026
2983784
29122531
10997415
16281229
26489749
10701765
9346746
7279472
27201046
23300764
26196513
21005138
25971641
6486488
25262402
17747089
26242940
23497703
7586276
8076085
28344459
7609319
16133912
16330891
12341357
23498530
8090492
4049247
8539206
14712949
2483
22335534
727236
13194787
29841728
4189064
27657515
28454611
7458943
9911531
27516719
4617596
3220782
26248444
2369277
18392171
4744663
27321559
29811970
24584746
11708864
12639213
27541744
14834651
19680877
1899480
14085647
28589447
22115233
27029677
25290834
25503198
14315498
13717935
6394987
27753770
12446203
5131863
647558
16418396
28944753
17722560
21068936
8296926
29987864
13662284
6118863
13704704
10536126
13815921
17451853
17592260
25328276
16624091
13884227
2612705
3254010
2487084
23642086
1677621
12732728
16563618
6016373
2784968
9636727
3717673
14765307
14405831
21015356
16542620
9957075
15422129
26142415
5487572
16703364
5331840
19682241
22564011
24181357
19656805
26433038
11675566
12200660
18416318
19803053
3478499
18636478
6181438
10243656
23478331
10895422
560750
22166440
9478541
17130390
29499860
15326083
15863608
5031596
149067
13422461
20159092
23987924
3532066
28007477
9159080
27054116
27326026
8791481
1078735
8344753
29525675
11074901
17476810
3625755
460370
2657548
10648071
8742464
10087984
14526362
2918884
3770850
9334347
11281242
19594342
5506713
13511584
12968078
28360579
13653944
17570676
20743469
13522422
6923411
6873191
15650189
19335922
19054424
15703771
25789292
295710
10732153
15752255
3552911
25199867
9632162
3209034
21053875
2710926
15765350
23516083
27040680
13413579
26447161
16149211
4399307
22769992
23837002
17561509
29327763
3673619
5056738
26040144
1934496
1577179
25827170
10805126
3664438
22947188
1318539
5304758
16674346
15069442
9381812
24994298
4682984
25605093
13542584
3835345
9329981
11733678
24702743
21621108
16008792
7293537
7488086
27232589
19166159
28150550
8703758
17474180
15134219
786776
10620168
1116580
13580078
12649790
27512433
14372105
6689256
25434712
12870913
570254
4944955
15970549
12954423
4016098
14374756
5329058
12070647
10357227
18737760
11204237
10252732
23306744
19035817
18687110
2767851
4024997
9858030
24239888
2738685
23568162
8015018
23662178
11371232
8235040
16474021
4031928
19587379
12604938
28189558
11728751
1901188
8964029
17706166
26461948
12412504
26163850
4008513
19981614
13853621
901906
8857774
7101615
14980856
5698438
15708022
5251980
20047149
13790108
21395056
16451518
8999603
11278557
2563729
14073569
1306888
21215723
20226915
3485904
17779421
3189579
10590780
15351347
7848219
26111591
15190992
26980175
4759455
14880534
11692184
22273146
16493631
3285896
7163624
26359625
10632724
4829480
4171725
3540198
21814380
22217584
3196717
25326000
20961264
339210
6543240
25886141
1600229
24189974
26168102
5066739
16210363
23421116
13138542
18212587
12959591
29160139
11063713
28596500
9166302
8647680
13542128
23558577
4975172
16905964
16686098
27102577
25538057
16160071
9347435
16046914
5323034
3052208
3518369
5490791
10458092
19392673
3256856
6301861
8697509
2125255
5792884
26069521
16584612
21831243
770166
12001205
17074074
5596397
2300992
17962533
9169644
16418340
20647406
15414814
23255495
21010719
7080013
19945616
9223364
12062259
28052842
22292058
12262211
27805166
12001677
17466760
21207099
26753822
22311198
20682307
18886373
4137401
25476967
14146492
15790201
897566
13137831
21030322
7962157
28277920
17997259
18525958
26246352
22679410
24920470
4450053
21259231
27735378
26299587
19162409
28759383
23353609
6567453
15077849
29540899
29216322
23715002
18208712
27421726
12316481
15544373
26441753
23318703
29737874
3988651
13489291
28623870
21823968
22820092
21974237
26868034
4120194
8683811
195416
19505187
3471519
13370992
9722798
21002754
26355313
17753314
6090961
28653616
16727080
3678145
11529688
20471968
8071780
10942125
9986476
9149517
14917988
18957998
6238978
2776529
18903258
13599254
21685882
21571789
4836092
24053014
27347540
11296585
21539605
16719796
13248774
10422652
6066108
26037974
11109525
1825102
8301800
29177726
19433100
20934022
1348370
186775
29832422
22489013
10313341
12952514
19441984
16833375
2380771
19054384
25669078
25529482
16456091
6167766
19634642
446001
10471188
16691396
21933722
6469712
10700374
3453872
11929616
22173979
11086581
771054
9064503
27523707
10474303
14356545
25352025
5061257
28024354
23833709
15529501
16533430
28457163
21070843
7344841
22768197
24683940
7367279
9912219
19121902
3929253
4057994
6502915
25167740
521723
28076298
27278115
9072349
7342626
10930954
19251621
26743547
26899762
20634677
5388783
29376766
14046204
4722839
7573863
2602406
29953714
23891234
13419556
1341356
640983
26925867
3391393
28950310
15403273
8277860
15823007
28690166
20542078
4805139
20306868
1165584
7655426
22931859
4521364
28531672
12716145
22018551
23097833
26613212
9924709
21025636
4106231
19952300
6241310
13056390
3301255
20853678
23727903
29648345
3998939
17143307
22075555
13824729
25635176
1051736
377788
16283959
16776713
206064
4386740
17160439
15084154
3950958
20049052
20560495
15368282
6628698
2037075
19044930
8026930
3307097
20441988
642867
11804669
22987158
22395690
23343549
14322530
29032472
19354166
1940379
12366049
9696880
29650462
1040048
2861115
11388881
14593394
18332548
26370778
18217310
7326903
16501835
18125390
21296361
23144162
6582508
4077145
2524286
28735115
24615418
26151020
28239157
157098
27209295
18012368
13608085
3704534
25279440
15954242
6204068
17923435
20637561
3777138
21037289
820127
28738996
24325739
21787351
5093174
942871
21445935
26219263
3611567
25466498
4277931
7096090
13908397
18228717
9533154
3411264
23363557
9355313
21432297
17411564
15078717
27922195
21458360
13645779
15206687
12357447
16826376
10224004
1505591
15083437
6483979
14782769
17092102
25452196
12902134
1345750
28115724
1241981
10665888
19245398
13251934
21940659
16921763
4804846
818682
10767715
29434973
16810117
17011424
6874074
22649057
19338927
21892822
19407736
29302064
2312626
17223841
21211477
24762117
21308020
29111492
9306578
28151302
21091168
24478762
18952117
10341415
13125953
6568384
26035052
7356600
17590064
10375955
26921892
16264990
26183287
3456650
1332316
3452083
21588772
1140423
22889026
10202358
15202611
3259815
5704624
14932435
7938922
12268458
4935891
3542403
3460207
14683637
2253597
19350726
18962174
14790464
1019290
3086167
26386279
5799810
8799889
1598480
14612892
2504204
18135116
21662465
25295248
1459088
1175237
4846432
19639725
1278737
12411619
22124899
19087424
26134745
24905176
21673404
10864062
27766503
15744580
14930607
28043371
14657079
8194940
16185513
14448121
14483123
7826431
18796939
21618618
25837063
5493114
1592214
19402440
25108688
2170997
9156497
4795811
3387
21049119
7031674
20439782
19894023
5744411
28404353
2821863
18687541
19190740
9566591
17307473
18832751
16526299
20048297
6742917
28113045
1093848
4061912
1871051
6171249
21826201
18611200
12368990
3199821
6440356
15636886
25742867
25391435
19899365
27611904
19370471
12732793
12959149
5521334
9123683
9027044
9893078
8425087
12625779
29068034
12092652
21859923
20936208
28576618
1955666
15734134
21837599
3493616
6181848
316352
24305796
10079790
19595954
20581142
13533634
24381734
2292540
19551597
5657844
27843545
28749117
29891957
3260110
20565704
3615121
14788205
21113525
19614861
277088
23977987
21559713
4160860
24998660
7583891
21830089
13527479
7835085
13540394
4493289
15223113
13622036
8261760
7589952
9787730
4129629
4878666
15913656
10210627
8995937
20138889
5658073
22402652
13994485
28478781
17524098
11421594
28657181
25696335
20144376
18326993
1337407
796591
17440417
20463420
929066
11733817
17364627
4684678
6361699
11925853
214137
22182988
10725407
2308569
12829313
24605198
27798390
25379212
11922370
11363584
7645123
20855514
6352074
1766048
6393830
7722177
28879004
22072197
13283892
25437748
20910524
24257169
28431845
5358949
20524333
8599590
17503752
27815758
21609120
19103871
9115880
2934604
16688573
28863068
16326722
17088306
4593361
5250021
12913176
10429112
15985063
23607760
7996400
5719728
5045842
1039623
1371064
20556634
18260724
24454575
14694077
14965729
13826128
12314831
13859109
18226777
3455570
27253714
6158396
11277738
6548580
23699390
10993717
8392987
18319332
17857492
10097881
5996248
15532888
18149596
10251249
20079956
12417901
10488371
21305902
12454763
21979505
28089803
26572853
12520864
22565980
28010168
24595523
24091803
23092518
9827794
11887706
29743308
14233596
21298054
24730770
1621634
9039755
19159624
7844160
21403857
25830271
24011814
14802914
11390876
14740586
3640928
23354270
23127483
13863855
5142050
28843706
14249723
15582775
3921898
13573282
29171780
3389806
18490790
11664094
26398406
21992720
28450145
28097280
7986473
7882671
11032878
451322
2922071
11221718
2169074
26125482
21248510
2324207
28033502
5633064
3865620
16870621
7975593
10603099
18718513
26592299
9943469
15784623
23189515
5312554
24628986
19291289
19249231
27024568
2169470
6055917
13953252
23412721
8163508
18746338
13721278
10834709
23582213
14829529
26678712
15882925
14964230
24265875
11712942
5517148
17722792
7790033
4654884
17174921
14540748
21205354
24300444
15835188
14249001
5483170
27228738
28857078
21862096
7466497
8083134
14979949
19026461
11105077
6165138
15240279
4847307
5992646
28567387
26148680
7204908
28794707
26123651
7353955
10983495
20876681
26984183
12554893
1883305
29357702
10368806
7207599
24929010
21594420
4046161
29137813
21427724
1058491
17068762
10761737
28906381
5132630
4477099
11346132
7436467
4704465
9750545
5465303
2601457
6070106
292620
25056619
8522703
7970605
17768540
26618001
1512658
21440839
3440867
22646164
7667626
17718884
9298128
7951721
25680038
25970391
6799594
23851285
12869419
11987093
21984161
28690828
29104812
8556597
26943480
21624337
8683299
25927668
8134518
10107251
3729505
13733469
14689731
2446886
28036337
14835038
19000179
11128868
15293303
11380763
10004364
3970468
2476887
9109983
27687863
27070227
9135893
21750312
24436441
18280644
19422186
21489108
16494035
18652369
8636164
4739216
7526478
15902521
14628155
1140563
24626053
13337047
1634444
27929064
13756406
13452916
19409870
18978739
14606186
9558897
7211296
13755504
24378736
5861693
25763567
10589245
14210374
9992919
17721085
20357477
3325949
7487041
22469486
15716549
17619429
1982197
16084652
23702692
10394091
16742624
5598620
28840133
13914075
2881337
23216678
22911156
2448443
28147024
25577462
21671090
18001404
26370385
8507959
2465023
10588428
7468340
25639985
15399210
26573482
24880539
26425675
23299277
25448403
16276288
3946541
21553656
23063017
10378949
26837741
29546286
27015428
8463077
22459057
12313980
7553975
9094077
23579252
1464190
11954153
26815900
9389310
6484346
5847804
21718664
14724825
12009634
6372551
3160283
27606269
21461420
9418049
10665105
13822670
24722128
25012419
9775497
15536537
1625020
6768447
1943189
21254483
7421292
3107649
4787280
415224
3063440
5123640
4368886
14433795
7283763
1413547
16351486
20090772
15659374
21882144
12521884
3374752
25431977
4733902
26775855
17785492
9500096
26604233
1191647
24550144
2480717
13642078
29721638
19385917
27078936
11164030
5950754
4527808
16992835
24389080
17061261
20062134
29731874
10624447
21627028
28039786
22941206
1038436
9144394
11012602
28438391
28947804
28025275
16767370
24039311
279183
17599585
2986393
25563997
5453005
24367484
24076133
19615793
13103397
3744078
25183124
1847831
16333695
7375227
962590
17433535
20721894
22492518
29609278
6362579
11113490
19033898
19988193
20678150
19559716
18768255
20610296
17598027
8417456
28448034
26303823
21593722
19677634
22702364
19493811
24572090
13581502
22693299
11392242
18495105
29520078
3623439
19447428
49772
26728860
7567441
22526644
10645534
919105
15229458
9053068
1914045
25966137
569757
17409613
1756800
9139387
29758244
24708570
18289367
23849251
3112836
3172911
4651206
29451312
20137687
11614678
4861032
12236770
23163962
5351778
17771715
25369776
2584371
25123154
3695923
22562500
22072373
19795920
5190694
15806162
22995816
3674411
2690585
16619473
21711019
21707464
419384
20692284
586180
17694223
3027925
21440386
8697181
16792287
10019007
28424687
2062844
15584684
13132638
15359635
6088901
6988623
27074542
2463829
7670984
15889393
1747661
13634649
2502493
8437354
21849476
18314239
28330683
14918416
1499938
23636784
24568245
16242254
22672507
6977997
14169478
9126219
5269037
1032691
19639352
11678214
22047956
26701465
9087260
12835170
25670713
28105707
22909714
7721336
21300124
11312928
20561608
20997922
1938350
8818286
8255499
11691445
6602178
13455049
6602398
15250422
20490004
14039539
1586196
27127302
9080143
5408934
12723074
723996
14042921
9479435
752849
4754012
10549678
25516236
23409648
10845447
27426299
9663250
29069723
108855
1852528
7219358
9758793
10784067
20785187
10637632
6304397
22725824
17623330
6791732
27482144
12369196
4374733
3903744
25411621
7279536
18518151
16828389
19329358
11962338
15150888
1785377
26423206
22893202
20338539
11202896
16094170
25690951
19980488
25879078
12318348
26976724
19384847
21467544
1663477
2824192
28518265
23654165
18272347
29923681
25397876
26636265
1206076
17610834
12717891
4961364
12465802
129016
9432335
29306529
18393661
23354009
8049588
27371530
9182889
24839381
19919572
18208004
11964951
27723060
750876
14590379
10803270
6173111
1065288
8578365
22126621
13128790
8910372
25204028
19596078
18875283
11288607
24853223
25800425
6869940
12005840
28321329
2957575
27574535
19590620
15531262
9237126
15875838
22541413
1216685
14600198
10936342
26592496
24051002
27715383
17189067
8009978
21923664
19934562
28055708
26427747
19454559
11070452
14227916
1239072
15615598
3457237
25847903
3256200
21444959
24736249
11898914
4872002
23531352
7354856
20988554
6441333
14688466
16458541
24334584
9388808
28436650
23774140
26208402
5642219
5880364
18691974
16658201
177921
13350233
29031147
4329232
251188
19127671
10211677
10731377
26619408
29647037
1162984
22154881
5262062
22988691
15569655
14618660
13617673
6702173
26764063
4834299
24829620
14010808
29165190
11399422
27000441
21419406
16054291
16322111
26372470
27549542
6443175
503276
24931030
29054385
9052261
20431281
9191039
9503066
28574847
10370827
10968820
9446921
29987264
95503
14176487
17123877
9451987
29831446
6630841
1171410
141305
18287842
20155598
16293459
27507520
14912449
25261843
5627284
21119432
29028101
12402013
9580717
26140178
1095022
28526071
18061734
13283328
14961770
171362
24623900
16429898
27598288
14802032
1196846
25145990
853157
18546521
10686690
4074578
10242728
22009771
22550030
3007430
25592972
3510072
19448200
7971319
28970082
26852560
29055800
5651364
4339971
9682966
19723179
18566249
19039393
10291826
3293323
9081185
22592581
28074905
15888131
3967582
24478079
16997398
1177505
29844459
15604755
13364372
17859743
8891317
6297164
9580425
17820045
5856945
15900001
2574900
29170752
7804646
26211350
23203579
29150456
18409755
6473995
26122402
2304775
15766612
29819170
11059027
956794
1721868
7782662
28030324
27071904
23498850
3323664
16927609
29517472
1840471
28263941
4743241
22343481
23056656
13701854
27056147
9647260
29177631
9650213
12485115
10126004
16300875
5845775
12748140
23658604
7669437
15956722
9823050
16426816
24457974
12402736
29817539
27641870
21950862
2907652
28936407
13124214
13768181
29344566
28738282
1579926
2658557
26635489
2688384
16463431
12019385
10195002
7869803
10303063
5443232
26038182
27653008
18886931
10511745
29371716
25781101
8464929
29095684
28109249
4969050
9595264
29489483
22279474
26242747
2040300
4614367
16390012
18223630
19584045
17773503
873436
8416965
23280610
7955706
23907003
22406541
12087247
17257857
5614208
20703503
1427064
12433910
22065295
14444437
12492485
24933760
14139337
21980219
29292393
29678177
10799510
3364181
23072015
4336181
24244711
10623038
10430419
23911451
21673679
19253665
22971890
29841066
1395568
8892647
494750
17683643
2286244
18318222
23739792
2577312
28515507
6327803
2557806
12296569
5469863
6493452
17786259
12460159
1172871
23028955
9604546
17031395
13373705
28153150
4833949
16505932
13721112
23774193
25058529
14629478
25030430
25475724
11409278
16208956
3098673
23494643
7262320
8270470
12191282
18000281
22269530
22853001
13413421
8082283
225162
18513713
23033582
16977895
1541435
21741453
21272337
28935901
10184337
15221143
7321567
18294158
19374
5017065
8338285
23198508
29461314
20662144
2590111
19897512
6487112
29704169
8982399
210805
24274503
3763395
23159154
5246918
28790331
22856087
21741201
20392775
23786759
8203792
10137396
25724249
11354711
29144177
29886714
23432788
29915660
13934294
3868880
14634820
26079287
20985124
15524323
25606119
2853928
28364316
25436140
14295953
4252044
14978071
1961077
11764800
6936510
12698783
19279800
5901437
18036021
6694130
14670824
6721621
3449948
15112328
29944786
29195162
22210615
20515304
16884815
2889359
13990408
13593436
1488807
13062464
29414636
14776220
15923437
5223752
18847368
14286893
25435752
27607240
7705000
24442587
1166535
8151170
10213880
26947249
23277810
8410544
12200890
2472381
27728925
9776525
9557852
14634389
8297722
13863242
24252757
6863157
10581446
26022375
27404491
28200154
4998217
12701257
8660966
3225949
29872968
3534368
952870
7696641
21466614
1776113
28053618
28012895
12582459
4267178
24707660
187945
5196162
5277296
21931034
27392893
27768705
28631768
478650
2215747
21619884
26326481
27668445
18559368
16812650
15663313
26568958
8932424
4519748
15499002
23589767
16697142
14739735
18985245
21735427
29636072
17347603
10651315
3024915
21462209
22430104
8379975
20153987
13295085
27383150
20391718
24154990
28923998
10253815
21109972
1612192
23752772
22330705
27762033
29275832
9737231
14649318
15067823
29686686
16408822
16406346
17686329
29658472
2243087
14541589
22505302
16472276
12203240
19477132
16879028
9659060
23771732
11512862
6795304
24210048
22160483
19469681
25202241
3117901
599927
17865022
4734909
28085320
5392920
8950060
15548574
9639671
21285581
26836526
17462441
2712576
25997214
27835228
8874969
29146367
6424508
13345549
4550772
8073451
16269529
19695838
9982098
18996084
15742338
24668775
1571452
1417380
1704090
28121689
15107784
5236397
6770012
11346652
17766375
17370909
510381
7155282
130397
26069431
25657856
23631233
10635928
28104579
27178174
11769853
9617365
23064371
11846630
11729023
10070873
3198757
4705264
11893796
16763829
23801311
8900818
29315390
23168760
24214736
25489661
2312054
13589748
18664230
15377581
9061229
26246474
13460423
17461310
14246391
783799
19977692
24395107
26024545
16445170
20547311
2971084
24011230
22216860
24645609
16666720
16009423
19831043
2925419
19038209
5248084
21612729
15036585
12247752
2841242
7962747
11606965
18332374
19260116
27241800
4154913
21715353
8673910
11944396
28049448
28688994
22857690
26203451
29071486
11430642
24306043
12676796
27861479
28863504
22765551
26971239
25988639
858381
27774735
16474106
23811910
26380959
8441477
26905215
22977752
8852466
27387540
13678190
2184511
1282394
13239020
9450312
10750971
6766552
15152075
11935009
12491882
23734329
19185456
8138435
16807497
17776015
441216
3085384
21085569
10341897
18372187
7213541
17145158
9802195
8029677
4538153
8381911
19533112
29412026
24893941
22347214
19176583
10930238
29569655
11918780
10644752
22399577
19516305
5362373
17491082
14355980
4679466
2363528
1276186
4431762
14036847
8553052
7464615
18624416
4653267
9314018
28367197
6569350
13605816
10791303
8464159
15787129
16954498
24989786
27606916
10982471
17372385
18844937
17765064
29761324
13355741
5031763
28314975
25841818
18679357
12708011
18493184
27141656
9559633
12809705
13947816
16243359
23877180
715480
20853941
22339655
15284427
28760891
7149811
17262492
12134091
7398452
28437681
4717161
13176246
19164411
11986705
28101723
21952065
28902672
18319394
3469267
6499312
22909123
20760008
26153077
10689730
18825427
29733777
520260
5835094
1091495
28352927
16236289
9308649
4285550
20306319
22415575
748559
3409725
11809546
2374612
21300694
29679950
16792177
10087381
13673879
11196063
23311896
27232936
921672
24787847
24289051
754725
18714092
3479992
8154882
14492154
22148716
15271906
12326265
11986956
7862896
18977339
23329064
4237273
27295010
14365072
4943606
25758905
15339249
9290089
23010512
12723854
7667101
12312032
5956138
5511256
15378547
20296463
6642109
27155561
16741994
22314632
18760845
24249856
80892
12241674
4949514
21930983
29825716
28997103
27058451
18345963
23243485
11614700
29104904
18448831
20345329
16697960
24253188
17134507
4361515
5923802
21161667
13179032
21862489
4769421
28045285
131381
22104395
18860407
16564337
23864416
20271137
18694576
22204934
24759322
4209741
24113698
8783660
24924737
29205214
28416439
28232965
13867098
22798145
9509513
9474611
1598559
20250499
3352607
5695197
18759009
4900155
21504964
705937
29141918
11498595
23602377
26998251
10614206
26908273
2095534
16497948
10714735
22994839
29355959
17570273
17875180
17979170
23263734
1216037
26338018
27699677
16350701
24169563
23005250
15719219
4996429
25320758
13489467
13659793
1903132
19599168
21459782
14802206
15522256
14818821
11348460
24899163
170265
12073333
26782079
7382612
9460477
20103834
6094413
6694933
24051834
8561573
4749142
21904976
10221853
28748917
20655165
20274299
15667911
28052573
16828661
10710266
7278634
27117404
12809109
25761296
24888982
18331731
25364701
23826827
5593238
16836861
10431761
27072702
22598903
22406283
17125711
9107481
28645148
9450846
1702343
28283581
26701609
10995279
19374485
27420260
22284102
24335796
27044321
1585542
26906961
20170002
9235239
22925478
16532260
8852051
10961811
18219401
2087169
21255445
24462575
10228543
1975993
20418616
25443210
27817729
2811519
15746937
6182331
24016102
11911474
15333398
20879371
14994045
12206798
2754364
5318178
10955493
15572099
6118426
2352417
21189982
96452
25874528
13075215
5557090
12882969
2015356
21787665
16603005
14158358
18679371
6386122
21249543
23934433
25621590
9548510
38747
26461412
14604820
7474040
16971472
1588963
22065280
9267347
19087702
21814426
19292422
1930192
21136720
15266435
9653941
11919546
5516136
5646832
6526016
12297335
4690193
14627311
22206690
11343451
12149467
675533
5645436
9834149
3091112
22623900
8872752
19970809
5000766
13863092
19908588
12136666
20229267
26181229
284865
24614204
6800923
27299470
13329753
15673958
3614778
18450686
4910195
23829485
13151816
2750115
15432190
5354337
5461188
25713551
12822271
13276127
17828592
13553194
29635892
21985694
27663885
26584962
25978197
12355362
12891496
29127548
28359492
6960013
18162840
11307653
17209218
20028491
20394437
1336105
1349153
15161185
6065284
7341314
28455271
26449433
3256914
6402705
29368150
1596260
29667687
4151803
21635140
23464010
13560333
14967387
16799858
7244412
29905190
6961893
10935571
6456201
13911154
17441815
25736789
21603559
7933344
27478981
2844226
17851771
12500923
22243279
7950576
6739798
191947
2082791
18438953
643804
6065211
8511848
6291798
13813276
22502174
21608622
22534296
23759257
2577223
11317676
24522562
19966261
29512841
21462314
26044248
10497639
5986901
15067569
11536507
2798766
13112332
14025878
3862723
16101805
23900810
17988620
24273335
13974316
10431793
17062920
4432474
18229364
27523373
6031429
10164487
261577
25192716
19175520
552824
18007938
8399190
10323434
3001422
7063808
9888532
2756965
4625536
28512580
10730244
2401276
24651299
7597369
28229526
9519834
2866024
15178814
2782932
14154380
15978299
12879087
10334017
17287137
16722261
3438698
27782029
8073809
24290138
13002384
20779957
8224469
10304225
19120305
14845317
10058166
16670021
16969009
27885625
10008080
20660912
21913928
12119574
1162839
7889319
2768387
24824283
27746331
23187470
17992537
25367208
4762183
19801000
24095972
5688935
25105973
1604119
9439513
15964
7720296
1196094
28691340
25815875
13316718
15361771
27110530
19023455
16671925
29292854
27457994
6431604
23080538
9471292
2823442
19935340
24797985
7330462
16867485
19761536
446894
15047194
8979852
23175041
28489102
768850
18988699
10721952
26706484
25756019
27976246
8844976
17702013
2901502
4143339
8592736
11028292
8890509
19294483
25730689
21873312
10230826
18251946
17470852
5285361
6594589
2432606
819384
7272349
16308691
9222996
1245713
15661897
28251269
8787311
16198633
1572019
6782079
20296691
28400740
6508401
7575962
12054715
14145628
6652406
24044122
2351335
17849070
6692332
19945651
18594413
9719491
28854543
26949894
23829775
21914003
28946
9678749
14307624
12949542
26694398
17278683
6432601
7988912
10168497
22346444
24802044
380215
18004011
20650313
1705265
25555888
5060824
3396074
8895516
13660863
20146585
11990142
12032618
23666565
9810669
2322782
12808153
18434323
24385542
28156792
7946150
11805450
14049018
3400431
2365779
25790426
27650420
13347934
27652589
8468174
8446468
8780480
20688150
6344791
12077498
10979827
20734672
22287048
24962758
21299330
23513330
23122392
21672592
3967835
180164
18052627
3438575
26389987
14980439
19356121
28036963
26844442
16937680
14941345
29186472
14754917
19310482
4083026
14954947
10566462
12452099
17379114
16925155
19600326
8214921
15588182
19577306
16517156
4789448
1315413
12581201
2886368
9582725
14073818
239370
16954007
26521268
6898046
6240558
24887818
19891003
29508469
11669028
10666294
10318296
10255439
11743469
21713234
14306183
14827232
5622795
4675221
2079939
15418100
3173797
18062093
19740743
26462171
17660383
21221273
24560292
24174842
27370578
21355094
11972848
24901955
9193147
14774996
20347959
11025156
5989856
19685453
14855553
13289034
16796178
27432062
16323510
19378416
286735
22169327
22241583
21448136
26892770
7360683
29516378
5310125
18609502
10530684
26886428
2462464
13786770
3564362
20184777
6828130
27318288
24883859
1049944
24624156
24885627
1729317
17335877
17516113
1674392
2493489
11316994
7878495
17607636
26138608
24769423
7724672
9129683
17613606
5654097
12256535
4222666
24046940
29176317
1609316
29890465
17921572
27841364
23096692
15384351
6768013
5131711
17578718
9900225
29976852
23604721
4841174
10532190
9552952
23705358
29370318
6356946
14060413
11151684
2729347
3493577
9654650
8330105
10372180
7668138
24624518
15118708
2572365
7336786
8330667
10313867
27172835
11614132
3484258
791664
20225725
27858728
29112498
23437630
1108124
25255539
25534322
1445260
20253729
5825440
25045421
24739488
2164895
19350470
12715735
21234082
25088161
10559306
26918084
12984239
19432474
27235629
17607026
1676116
23313999
24444186
1925836
14843860
15643904
9461840
12206797
22267099
10575928
12127644
6266762
310108
7240581
10777202
10735339
10557091
26349160
10374293
10288942
6020962
5451964
22322695
24909806
22979727
21885467
5929276
21244021
5675173
15305290
4115037
6115952
9019234
15151705
8306652
23809828
19847703
9489271
9217477
8469008
8407219
27258686
11303588
25468818
22478534
24362982
25229099
8696521
23537806
2476517
29478964
5420693
12420118
4233250
28325548
16242194
25484089
11965382
20842850
15759060
24335762
3120624
15857184
3683098
17420110
25152294
23902201
3585089
377432
27957190
15758200
5959753
26856292
24425825
15197789
19050375
27434041
20490512
15859013
15500523
18727694
8145539
7948459
22643302
23754156
13058477
26501108
19234308
5303383
11990975
3410895
17830687
3578410
20244781
17581966
13983309
29796056
5332803
17901722
23866282
25021515
13115572
22141427
21187245
25161550
11307235
4376773
28040512
8678418
18562778
4564108
21116893
18166716
19136374
9741877
23605707
1897953
4413169
10421772
13239823
21873248
131995
21359219
29709287
29786470
18100211
16741125
25514931
14656645
458360
5964462
20093245
5886222
928332
11055196
15405940
25579121
4332441
16440005
12872634
7580451
5534616
20795464
968755
3481182
27541920
20122803
13941357
2014556
13082514
15419517
17204119
6971192
5223841
15688234
464881
23051613
20924926
25765788
17832245
4144105
27514126
18858518
11897365
13283091
13584842
3890651
26872759
25082228
15717512
18644122
2194532
6646910
14579267
272480
29626753
17000165
29148288
17212560
3160274
16913232
26759246
20716792
14396646
24654883
942226
27034856
14606067
6210565
23131777
20214972
16537934
29856881
12093278
14506012
19135797
28623995
12575354
11131157
11124814
22677142
26230069
14627845
27050043
24233731
20840876
18109912
13873138
14078024
25321921
2900971
22385625
8787916
3484802
23629917
28649756
20820261
9020250
12920259
24257249
24998098
2996542
5455350
16158361
20281920
6606795
6863445
6437391
23288171
7449288
22810069
6919481
12340186
1107615
4686113
20343034
21540635
21406532
14272541
93679
12638269
20284298
4937556
12241941
29193433
14837313
28024704
5920264
1658586
22723420
17906226
15370506
18399641
7034570
27719832
1770483
23321916
630475
9579268
28345834
6522920
12007853
26094659
26171751
13881538
8283927
15842750
9598084
28568102
5917227
19067842
7476135
28706602
20164210
24371238
22396404
14493535
14537374
21641645
12315804
5059412
27885653
14543231
21712499
13866381
23907505
6655333
18194453
16373565
5884717
20541034
6501497
19780617
23058276
16458068
24934999
23008909
5584236
26507822
22784940
15186813
17861579
26930422
17136802
274953
9400485
6752391
17164412
10275716
13145652
26279038
15372450
27705441
22729039
19477399
12439683
3266378
10393314
27940579
19154997
644289
27257261
4489939
6432431
6262443
2578219
1206689
7373698
10484833
5560687
17793494
2671245
27562935
24028061
27836560
21164520
3810614
22584399
6837781
5104343
12921216
17835655
2265745
28621166
3555480
15367954
11094684
4266204
25832614
1407318
5500458
26558463
11328844
14890405
25823572
20737610
16567140
28190692
17055652
17551383
8567636
21500559
29638354
13531364
19984259
21098286
28534498
25139615
13410619
26247277
23330895
1022527
2768381
29632080
1741412
25387107
12140120
2135501
16685642
5279917
14740295
12347242
17006731
470020
22050300
24337655
23362173
7965710
29056204
2208843
15915619
23390642
15780269
23582865
22497524
25169917
4342331
10541057
8187415
9320496
2230249
29144869
21314782
13905396
3206338
7562277
21090380
4420451
8155945
20821521
24318492
589504
2646204
20787917
25133159
12380490
17558829
5979224
9883448
21808197
8688209
18903813
28336617
27572890
26033464
1980852
19711182
12376324
25281596
27440089
26892799
11302791
1972807
9266975
24960576
25956958
29643654
18921234
27485022
8690088
19404885
16400747
23299466
6933771
18847741
2709877
8037480
13871255
17038095
24894628
24905361
25545817
5273773
7620987
27966707
10139566
8185614
5945208
7481321
1640942
28825526
14035424
27701993
3627942
19042617
6185987
16065673
22949524
165728
29958921
13225378
28495538
18045671
16697383
13639691
17627544
13703389
15295915
5077664
9072295
10050059
1423487
6522024
7642281
28431307
22709388
23842147
10435166
16033840
29023586
9225207
15231467
8891868
23518998
19405355
3270523
3926939
675648
3438051
22357809
22455474
22173288
14615831
3237082
13105721
27051695
436705
23938940
4195478
13269686
10643915
28550909
17720912
14947233
27330411
19867020
20016420
3188057
20445049
17036894
19655040
28075913
16728892
9352732
24936184
17988963
21930940
20623178
25837963
21046242
557735
17377573
5401938
14662787
643338
8922590
25496926
26784553
17681544
28585842
3540761
9464973
11672521
16361544
8465796
23287910
28039538
15890664
12963846
11211573
26704644
3826845
19122346
22489571
17556959
22956827
8681358
3080777
18888311
857932
14905610
26038678
20073884
9740533
3492419
2664266
13577043
29234139
25289407
13530221
25950636
28783356
4604758
37629
2677089
28875217
16924697
1599110
29838617
8292692
25332153
22167375
7770033
25559346
19529825
28289964
9849286
21094777
9010104
14708669
3124307
26653308
24760871
29516513
3661347
15293762
4172785
21869224
11810633
14107739
14549341
20639003
10600025
12009171
2458491
18591829
13519137
18680910
17948183
25661190
5326292
3477919
9398398
735358
164530
16005394
15509539
29508468
29925456
22568512
1295611
5497348
21689425
29267316
14472357
24686
18640066
24429745
29618467
10020346
9885083
8925280
8307157
27118680
13583647
5337957
27693
5841600
20384002
26742213
5692168
12484760
5741726
8565478
21715988
29779654
22258477
17225941
6664515
27907896
19034942
26244562
994498
2615581
13237294
26643911
29460578
22182407
24968682
133485
7975245
16436823
4412637
6257559
810587
23946748
2045907
9328305
10528664
3317503
22179139
29287083
4967932
6158316
26286245
2211190
28605684
1029576
8003873
15321806
2857418
18553544
13286555
27382972
27939485
29601490
13425663
4095526
29091211
8643081
8107654
14391848
15801346
5342683
7352818
25520305
24822516
14943714
18208188
22653870
28719020
14089913
26912367
1370438
8770782
17027240
7689576
26825360
13126766
12291858
11071800
27314179
13255686
1605887
11031894
456100
24590788
24806975
1053685
13374266
21453997
14502126
17808662
16418231
816416
17107332
22288397
17798763
2979771
14166579
23138414
14823944
27619204
15211193
24298603
10486360
24878726
28200235
21540522
450807
19775370
6096328
4470577
533417
13627483
25310933
22166909
5963436
17839576
14185096
19968400
1573902
13117572
4204115
4811977
9245414
17734227
4116772
20507495
4877008
4879230
14901480
22262872
28030389
14681296
22845037
21552986
20415899
8316794
12738303
24233141
12042811
20124740
146244
21048354
23893287
6776006
13858355
5788504
21605037
23062466
14780941
21329497
2592125
6042245
9009956
27961589
18997029
1999564
23393819
4945502
8951645
24884404
20615058
27695375
13504669
24328835
7496869
22469588
14104944
26724527
14474892
1827599
25393936
22348108
18834625
23126402
25268292
1988724
18457673
2764825
15673748
545725
14080749
26299459
18655435
12462897
23164090
22188921
29332428
11124408
2036303
24567164
14741891
9484249
17571606
22484783
25344053
11252220
27120565
121035
7303102
29056906
29493941
10848759
8804564
25500698
1079726
19902541
23339252
11706928
9781629
15720394
9334473
17498671
28472780
5870979
17900088
14763006
7311491
3979209
15048109
29994195
18444599
24863497
13543058
13258411
26677098
4057873
11180114
7760928
7848140
29157342
16680852
3391394
20320170
29090027
22857755
15079502
24526471
7675012
20596169
17551288
21096053
25755338
5674306
22160175
9306318
6391452
17851450
14298936
15392251
29005542
5311216
8905890
16336719
25676843
28576313
18326750
26309840
11100477
28578341
18649272
25847798
24323109
17993042
14173039
2889986
24034744
8800125
27685642
16468653
22840837
15020649
18744984
11821239
15945749
24479212
9771112
13996818
6074700
25680020
5348292
13921607
26461167
25553570
13944244
16080944
378110
24418898
27487139
22935594
8587991
22774430
18138030
13406440
29991471
28559648
2153920
29596305
19646824
1098278
27452595
12503882
20920765
25176605
15086200
15248845
29504867
8025202
27780922
24539077
1748737
4494566
8678059
24096986
863084
20149861
5187686
17753592
16808027
26507271
7087213
17652249
26797356
23165290
4665915
21644910
10330627
1813634
27358515
21193367
7864365
24998858
9890341
16066496
1356782
24878636
26883510
20081403
14769240
20212834
23242976
23612554
13840931
22285285
8503601
10535549
3731433
28898590
21656270
27838505
11715684
22441418
28577722
4347203
16421786
27043028
15838085
4717707
10041005
6009625
10816272
24213378
23264055
23455852
24323624
11963526
4772682
14013210
11375843
10316482
28389886
28572100
13441506
23928679
29744376
16087207
25491846
28293411
13358238
18370998
16061039
12434313
27481163
8144523
19616882
28052492
6088052
21908563
24851444
14193419
26062313
11294333
4479503
28784151
8066182
3828793
19402483
10445072
22472352
25242393
17080798
29564812
7345154
451862
5463151
27704
23203302
13335013
17641079
9210122
1852889
5238826
2399632
20177053
1969526
25655008
7113533
28544975
23856636
24095436
1595673
14801167
22302999
21008659
12636286
14862070
23464073
22278999
23641041
10861600
2977520
23848093
22336075
25385174
3241491
10136540
4806696
4428000
22308695
22701131
28041571
6268795
23495814
12484230
6845279
17201730
28063024
6840370
12610032
14742290
17752692
21252515
6295767
12729811
22611654
28316079
28088451
4954020
11353609
1920028
10008188
14287767
6122088
16979353
27728126
22294550
10726588
26669923
16415881
24947390
29035701
4602008
10045630
7223236
910885
11101845
4057101
21796068
21462136
24981110
13379082
20889597
394993
25725084
5699090
5779833
25579002
1256649
18613817
3878023
4190642
9489239
15402688
17974124
3215388
13378479
25662974
19487744
6128269
18776898
13862175
17306985
8526442
10809807
19118184
1448538
13213656
29410100
12298921
27278202
10445117
8121729
14447282
10990588
23454207
13777453
24112485
1284110
21820147
20827821
11640409
17732976
6210846
18505824
7483494
24682698
22720036
12349248
22967684
2870784
5669028
1729017
25309032
28495700
6218748
23091075
14352387
18070455
3979447
24482935
5380214
24628766
25291160
22753158
61530
11390852
14026599
995286
25079232
19540861
21985270
27536830
26588870
27611035
27919522
19005231
29899921
24006344
28477535
28833646
16596937
22349437
1587318
6018910
27087917
16748476
19954944
16538312
19338996
9356345
11718370
26041352
27611120
780746
3285073
28595181
1170167
21598515
5644205
11134147
20080958
25318209
7090314
28122698
19544203
23548626
23291691
12841752
8532048
8790008
16121814
16417655
20384859
18960555
2138791
8202560
26862958
23404717
4228270
25114987
29880805
10737386
14167477
23094681
22274313
21641217
17031704
4640635
10887553
23233581
11001133
19921494
23341279
10412181
27615465
11087010
10198773
12157050
16184709
6969651
5868015
23169998
23101352
3862928
5448491
2971621
27558358
27148619
16125547
28638683
21140067
1222700
21676771
8115000
838682
29210642
2906323
27018406
27128996
10557504
19915478
10682569
6729180
26370757
22121237
29166076
29026297
22729500
19533281
15926313
10526756
24392424
13031967
9785096
5335441
22013796
13795406
14041305
14740985
5822529
2852282
16531486
14612272
806492
5070090
16690691
4021843
11753911
6783935
27493326
20582770
5723387
13556337
19681756
24897268
11005050
16814416
17086239
18764963
28156975
18094863
19762991
16217979
3222296
28406422
11785841
25751046
4885597
18985936
3210181
18999366
24665315
11776635
25965633
7196900
25879036
11974486
29143281
28472555
11116903
578327
18437467
10133157
24668739
18824223
18673387
4148222
5300254
27813484
23458885
11706747
3004160
8900707
20174272
14846399
27769704
12823004
12296096
22239693
864946
22955039
17564326
6415884
22906274
10807493
1010038
8719187
3176407
4881744
25775785
11561104
10358305
6636551
7007661
17184692
9667761
5903263
10349801
23586781
26163427
8233324
149789
28295730
7780301
12892536
23879810
3095295
29624266
4933388
8802279
19163433
9008791
4202577
10902896
24965255
5982267
4073249
29870590
17230211
25295079
3678242
21545508
27206751
1275145
503488
24844624
24393415
24629836
6744085
1501493
579235
27914265
10574338
15456090
4264762
6107645
14621190
24896190
20637321
6573694
22856069
24202460
14319022
760823
716172
10680201
20232596
3835829
22122146
13335068
26125735
6174769
15269027
6887795
29274700
22658935
19168934
27541155
24467686
649123
28306913
21239809
15633911
6241608
9776755
25492631
24139
20176807
18375678
26929434
1118955
11038488
15429856
29008504
4955970
26978692
21264076
21178577
4484351
12099225
12206716
17217810
26043324
13198847
2451791
2147620
2297665
19001698
26566625
18615882
28299436
29180919
29014636
11454526
11224050
26990100
2248783
1953289
27831800
21145039
18487444
18307497
19016993
27924446
9999879
12773155
12765638
7515410
24904367
9972241
17164002
6421965
6214015
13332260
4759609
14937986
12689234
11451815
1598964
23802137
3488212
2999580
18568404
6281415
3548668
20067160
25016047
4286211
21961662
1448372
26054420
12330567
17847464
4416032
29646130
1282298
4117231
21419718
29122987
9669481
22662645
12096242
15638728
17678638
27583241
26036439
28335211
29068124
19166949
27177508
20805007
14704637
18712610
27673915
7495081
23894582
2749793
17192636
12646312
27101642
29615070
29115467
17674464
28212782
347354
4183278
23062203
8308983
5888035
6768218
20198572
25739552
10715183
18494671
24178661
6350027
15021967
16977498
4741352
6755539
18679536
13129948
24672101
23196846
21681169
4619801
6052302
29996969
28048167
6644501
11989184
25092412
24211869
12654976
552708
23860730
18566837
17244615
9595604
29373286
6915891
14587588
24044739
2555367
18851225
5331701
17940422
6513895
4507217
10087397
15860800
2503595
22997014
22771134
27945785
13499897
9223632
9614140
16032025
22794273
21868426
10476545
12872490
22141041
24182286
18872410
1740045
24483985
24373866
19462470
28647440
25157167
14748612
24821648
4716113
18006123
27656383
24653457
1607492
18962689
3655603
29482878
11062078
559058
29494160
29310110
3506372
3373953
9063685
7576050
11806676
18432167
14618338
20206882
21830002
16755575
12241689
12332706
28947942
10260565
5666694
11862552
6118710
2001743
4369805
722666
7972580
5246104
18999553
8511122
7111997
4405960
20762371
18561621
1523216
2826611
18225725
10007450
6805632
21768667
10389239
3468056
26774070
18023919
24892856
2934796
9090286
16130278
11892833
23335701
18560159
23380469
988018
7713925
25542968
11381563
29435098
2889629
15708766
6830559
4315549
16163276
11351714
9881528
3044299
26392909
12330856
22234074
22745525
11924151
8231317
26116001
11729950
23357701
13060949
11398736
9154282
22329294
28661621
20271376
13726173
21274318
5554486
7234718
14620774
2316215
13755295
11357999
13303211
27192399
23336064
18827552
10246900
24274679
7963965
29883124
23625375
17034475
14605486
3606325
2029434
15568613
28611940
27220870
2024273
15211919
1257731
22014183
13884313
1315895
5457546
4461668
8858782
4530417
11310241
28710102
20013737
8533983
6242565
17539258
7877500
13718689
15945565
22933972
14723727
28191972
3010525
2718819
19902423
3713356
3654553
16734785
2883785
9505525
15567734
1386848
22984863
22726651
18923882
26259587
28907499
4057515
14189779
29893750
432240
11212058
5475252
20305631
6272861
313403
18427054
27725826
6477164
27241189
5793158
22973333
23866908
23773109
11072991
18830866
8463528
13499386
8488098
29196061
24841220
17065412
12866415
17580966
1561012
26459188
27799012
14058454
21662739
20945946
12041738
27566845
24460481
25390762
6671377
3637782
23397666
20951989
1209458
12002098
13715287
3625683
7136019
1265464
5971962
7840491
21716960
8227043
25460738
21725485
26652457
19727602
9566957
20699365
14574793
605897
2992073
18633038
16211278
6589464
27112218
1072497
2863235
24387849
22644771
158704
19025124
27528035
22605805
29536754
19589549
26787098
6219176
19184795
22522198
8784381
1643340
742442
10945687
20802578
13478609
2795222
22986518
28813268
9168560
24573680
15815948
13255874
8710001
25682511
2814406
1236526
24258902
28671410
13429814
6567289
3591101
17040434
23547540
7136591
25656891
10179997
5064051
29616195
12505221
25519622
11115835
13214346
11914350
10982374
25169322
7259211
1902334
8663564
6238778
12146321
24331044
20463386
214490
2783649
8657197
10394470
18230379
24209789
28698727
11637490
26879906
2641067
20594141
6161082
13460777
12523836
24598778
2577749
1333461
3154058
25443776
4732721
9388036
22348675
14371324
9752734
28434268
5864350
8738185
25649278
7510207
21204701
10058533
1665980
981411
15121508
6216602
11957615
5652390
16800462
21692323
1290231
22473296
6421596
17486637
19950208
16503808
12602233
9031039
20994272
20132167
29164953
198103
15144270
10861171
12320949
26219541
15210494
16226062
27083924
28183158
4371298
7434724
16270575
15842080
22359453
6356114
13479407
20105692
5184301
19298641
52802
20705121
11594426
20325929
1200580
19629965
1539840
13191534
11463387
6132934
14725028
24243963
3520697
26811756
18055886
11691782
12374362
15641629
27513517
18670543
11865427
19957871
25871711
24989259
29086160
1137502
5080124
9184399
21789113
6703786
3408757
3743691
22364828
17580653
18085662
27804581
26249884
24129049
2907846
3265674
28979574
18097340
7444553
5916784
25698649
7165570
21678875
17081240
21384131
17438645
9569377
7133271
24024343
10367477
28998997
28586735
3063594
16559473
16159185
29174900
7852276
4300309
16871067
4151132
21990526
20153046
4385820
15001726
4394458
19497102
26255063
1608642
20636854
23567313
11534962
8748507
11811560
21437597
12723236
21806222
29990636
9095051
13856507
2582616
25117922
20385467
29636706
2096030
26707580
8796321
17842417
4229806
1387909
18410286
16321999
6733018
10656154
8688956
27851114
1471886
7059194
6156969
8431652
21951911
15653883
28726955
26402269
18081194
19596578
6811460
27900248
15653152
28933550
13109952
843831
5308027
16497098
3594412
13968096
10277092
14129964
17715516
27018172
23938287
26959490
17954640
22118105
6245542
2149328
15163195
17140978
13173600
25290218
2580934
15834348
15395973
7065579
22069522
6317723
13536257
19995633
1481212
22017707
22833590
16424092
8120930
6212263
27934778
9815135
11372813
7977840
3504272
5363217
5692297
4380367
28602447
29293536
14769980
28092192
9673172
29920399
949579
18828089
15801951
27354111
15506394
22446535
28942460
4910047
8972821
3310766
3378691
7534655
3080422
26334016
15004688
20345319
27650295
8314562
25607154
18040777
13767778
29583739
2411498
20704515
3389599
15504365
8302244
22158975
5722241
20115054
6012781
28860967
18949714
7728927
9923259
7487549
110790
23931646
25788028
29744569
20156678
19821198
4138112
3423437
24290105
17712313
2879807
5711406
29080727
20226708
28271900
22598057
761304
11777650
13448482
18609531
17658882
2494196
29485955
13353002
13931517
21154412
19226045
7452638
2867471
14540740
17247329
12913890
848260
6233939
21594984
9037924
24979960
9013642
8981320
17229165
4339831
13389286
1051271
27853279
9273738
29169980
11971978
6977100
26590862
16786374
10748636
5780587
5914180
18398529
2020197
17146428
7242455
16535221
15672477
16075871
3388184
13289858
17193312
11137933
8972786
1616899
12015064
25178279
28452853
2486408
12412845
13426920
12880894
7630863
26181187
4904795
9687329
24112820
17956547
23251580
9264044
6850483
17575028
19560706
14983009
28952133
13646716
20063477
7284632
11293298
17850744
22883519
24045614
22607621
28746288
8518766
24072533