4134340
11747589
24171260
2544336
14697372
13374656
6444133
9024659
2145679
24774122
18881140
2104805
20663433
27918612
15616920
1809733
8546302
25701818
15130938
3608127
21437828
21146204
14678551
8044920
14912406
4805572
14605418
18804728
11515950
11809400
18688058
12249967
15534339
11998729
28298669
9700134
22342765
12408596
9940184
11812158
11215217
28059349
9389860
1216885
26299245
17289290
27821512
7913139
28051120
9028138
13850847
10684489
8496209
13386776
17646400
19633680
2330359
16056384
771453
4628824
25554772
17405303
13368519
13367402
19891216
1864537
24907207
12500424
345079
24354387
11154431
16589847
8398858
9292681
14307350
26088300
11525100
29957320
24453010
22134608
2743422
21701990
29756392
14699036
15145727
18353822
18910987
4938732
8825546
13919313
13019791
15624990
12238484
23808020
10881004
21481426
23600370
4461830
26318157
1049822
16468578
17621828
2352526
2922149
23149559
20830631
6863307
23554220
7495833
15483541
29950531
9980105
25237272
12574648
12523529
5126994
12745744
29306558
4722054
6893647
1856025
26053442
11822701
5154180
8137609
25701047
23759597
2925010
8690074
14314548
23902104
10131255
14792543
10666230
7305506
10258502
14809914
20647347
21049395
18179358
9151827
18514991
15604892
13852978
511539
29608223
17711511
12367849
22084435
19557462
14450821
19044571
5940188
17981736
2840484
17573615
29378575
25622357
781309
389685
11188883
727286
17529023
3990601
26241774
6526560
14180940
6276719
20560763
24939705
17307232
1971769
23601616
20278180
16328144
24560544
3305557
25543744
12588465
1906861
20204952
27187796
12084513
2340175
13417086
19844201
1496314
7060486
20455002
5369201
14816722
13239853
9562074
8200155
11879628
26210576
26932914
27101648
15822785
2222769
9752454
12381681
13915344
20588727
26584829
4513093
4448750
22226570
10893692
13864408
21900798
23295166
504863
16945330
151859
3287251
28234367
22154576
15623457
13609105
23211199
13366513
12155354
25530147
20781237
6770652
21466840
6277183
29007956
5466693
20473654
9209077
3692749
12210002
10235867
27095718
26629372
23840419
26079030
26936259
26124667
18659518
4568048
6577926
25173264
22403387
25226352
21455278
6386018
23408596
1671470
8671192
2685441
25946373
965855
716781
14525052
2565089
24329439
5596720
1379123
25243847
22992918
691849
14323876
25478555
16376527
2523492
11998008
13671731
26731933
2119012
11185026
23158427
5164859
13526237
11802034
29717040
2421181
6640341
14967908
22946528
24786738
29634122
27081467
2102804
18868169
3804784
20321349
4253618
6004653
14743302
27298375
19207877
10432092
12232083
10546544
26524025
14246832
14198320
12094736
28452311
14095197
18867897
17582224
20894072
6922683
23458613
17537873
27154505
25813397
23549568
26963215
8574629
26193373
3221133
17240820
6946001
13774980
27460845
19167309
13535464
1690538
23599690
25887972
29854490
17916648
19997993
11750575
24945714
3690594
4695664
1859182
4854048
8559219
17744264
22669627
21244249
1546315
13324048
23966478
700243
13517306
11701069
18634790
27914713
4662413
13048792
19905998
5326193
6786660
24997236
27909681
4411663
21419029
2143249
13968236
1285832
7986125
1074860
4251562
2170195
2357068
17287
10586527
25428785
2217936
14597534
20296876
11426539
22097819
19831016
1024586
13817463
27070068
272216
5408892
524394
1703481
3433796
15810944
22363147
5455280
10454010
11966518
29052489
18061463
13095714
23093225
13320551
24060418
14613893
25556647
6610713
4821853
5929065
3288948
24140486
22206006
14629090
29507271
25971758
22241750
16999106
15499312
28196522
11423628
20142493
14340776
24289878
16062286
26148554
2669074
3323000
14334835
7069225
22652401
10697741
19462288
14558762
15613606
20148475
909004
28864631
22543911
14170041
28278815
25935341
9092840
17116367
10113901
4579118
6571389
11188953
2596498
27674463
15833030
15407427
11839110
27001146
4739832
28935162
12950219
29411305
25227892
18582747
27347292
8496910
5458433
10553396
11793757
24004785
21953250
28624676
3518704
6331440
29784791
28062234
21615693
16078536
24972689
11978676
1487619
3308027
22489034
29912553
15326643
13565810
2981013
24571330
6833330
25506824
17868335
25619846
22324469
17644181
10666113
21159288
6205975
5352500
4424906
21503312
18766072
25088685
29283480
26461319
5250125
1572440
19327004
24059823
14136233
28038174
8879214
320654
1198670
1919041
17519590
22306934
8186513
20289272
1057183
1145984
6025362
14641914
8494651
9977333
25344331
25077806
22921693
14156415
7642257
13874259
12704478
21919403
15313271
29916839
21233514
11477631
3935921
11478823
206578
16374782
16059230
27844703
12164270
1829124
17843961
15385225
13428814
24021419
28718483
29793656
4918046
6199344
29527254
16570750
12014422
22889120
3852585
13914745
11442036
17323207
24304694
23658896
28038476
24523488
26277409
15218233
20750052
8402459
25858452
10368674
25937426
9127773
1869368
10058945
8313621
10121375
9556257
852248
23445635
28943472
16229724
8233569
9713950
14141253
4668487
20832301
20613646
21357392
6348494
12980165
19292235
24879382
3858195
18912519
28365734
26464357
7892975
11017625
22815239
8297703
6310438
11704038
25902274
23816978
703938
18527705
1641444
14120806
9284960
2795508
27675298
22438245
11819143
23191330
14791882
13015818
14147148
24729476
9265401
1369
9974593
10847682
14224633
18618198
10128807
25597609
23935197
20050385
20770316
11274313
12900697
20620595
11002947
24561157
2190979
25369232
15809422
5210766
22369249
24011763
15854622
19824992
22212480
5489873
10791407
14981029
20880274
3234192
2228653
17756127
14431184
18366252
27428036
16913873
9119062
2039734
16729069
15092877
14955442
22954801
27445347
8673651
7249145
4019519
12509215
18872797
25322751
7920458
21543861
25183463
25369993
9088917
12774304
17262723
13752716
1929917
29548432
28967948
24697008
29691324
25777383
15593997
23861918
10852538
18467300
20989969
24211947
13292610
703411
27368134
8551415
1748666
29919255
19352109
29967456
16831000
13412105
14559191
5983817
21103183
17814617
21265239
136188
4036182
21020469
10152528
28572309
12241744
27923459
4981078
13518753
12958571
7842490
17448472
16981743
15103225
21885199
14111577
22139778
13953987
532055
3967747
555717
11824052
5518815
13157513
6043162
22644728
24583622
16943667
7178544
14179145
16440233
26380527
4703873
6724500
4589110
4491009
9284245
10523715
6618435
5300337
3144303
25119142
17990780
17031663
21008299
15696942
28437945
12691571
19204846
8973817
2045210
20976494
22143625
7855816
7192437
25878192
7505502
1087600
23568446
26484101
29270001
24283690
12914011
13683217
3162695
17518313
25239657
23755789
13738731
19123553
12782209
26530672
17492818
11985210
26520721
20998721
5317432
22168694
4010684
25340089
18419901
16754820
23001986
29557098
16079188
7228332
19371889
19063323
28026610
21071531
4444382
9061081
12077876
18668034
4950113
25480265
29390128
24699866
1251992
8778023
8260622
1399664
16617879
11576372
633248
21057897
14391735
17152735
968705
7787131
7455356
7615769
11313180
4892191
9433273
8931854
28875182
13148230
7070170
39512
21423076
279903
11952379
28157129
21889407
37057
28643763
22898195
29975685
7819160
10296996
16134851
6736220
20653357
1294721
9703133
20955405
1898816
23524527
23991651
15862815
5250931
12688645
7600251
16571098
24583806
17296981
6133721
18423174
10177546
3149726
22565583
10941570
2136146
23525618
12764342
18560574
10929
26970216
17016952
29755834
24561909
16693349
4147424
16463506
25491087
16331748
17392068
11235482
10086350
25453860
23295633
21668245
236149
11110416
8875696
14176285
29046499
12032693
27653874
4321787
621212
27864587
19562186
25565
13848202
10468496
3507152
15783490
26455749
25940272
22294323
14360380
111161
27695339
5839338
12410648
15906263
5903130
13111131
12039826
13751908
27194464
27885275
25868363
25427667
25267026
24307104
14797992
24204310
14812527
28769783
27228724
14625322
7454046
26891831
18844915
17531707
11133460
17429282
11414851
12721100
972050
24258243
25855401
15162919
26440756
7934947
9819590
13420873
26335816
20198341
20290389
20569699
24893968
20480610
3803010
7581853
12877589
25592163
5567002
17347592
23715474
20682438
6262118
25723580
21194137
11581065
18564837
29236745
19571395
18962213
9854038
24357675
16483134
23775505
15145590
1331845
23310924
16167204
8490743
21451208
11137869
1549947
20181095
1428338
11409697
12924464
27968888
17368412
2422801
16050142
93952
23800406
1927925
15591370
24520167
10075136
24571357
4190103
12488882
26475896
20156393
29788951
1567292
24012912
26748275
25920577
16948027
28826298
15573040
14640838
20544474
3634301
17552619
17288386
19346000
13626063
10819945
1397731
12228682
28819193
10344182
21767743
24751174
16613771
8345381
15500784
17576323
11482379
21818390
4138162
21821965
17518320
16825032
16274025
20097593
24586990
13075276
4475506
15632818
13323059
23498023
26690573
13842135
25583408
17482370
27970556
421510
11153202
20915526
17787739
11826808
29023496
882810
15432673
6592753
5809161
4700358
3774006
11398311
10453375
16654179
4619180
3554599
6176504
29662540
8273019
21464015
5230164
10909243
1265784
28649986
21092782
10265521
875777
4365156
21540349
22622248
29969489
12240719
19244875
17724266
25115753
7495399
200141
8684955
5971554
18184073
20682058
19380557
1314787
13991185
22477263
5359150
29985095
13636297
5715436
10729867
23317922
16296499
22045156
12523436
744129
18196412
11292074
14650085
4758514
19232754
8703657
23932351
8628978
11491670
11188063
29885371
19856899
23253776
22310770
4745848
9287914
9648070
7863800
5181674
19214727
28979741
14589699
18417314
5431378
2555079
9378228
20834121
24015707
27255766
20482440
15241928
23666778
8789540
20294552
19733551
10255917
2537486
22555564
15848630
9167325
24771855
22054685
8226544
28673632
29787441
16376594
22585523
25970826
5035709
23226850
53612
9897152
5038476
13387088
21193152
4701100
16339178
12555180
14685080
17541457
23853579
11137193
16572454
5831007
7667418
9549102
10123964
29615099
4363582
3455341
27088189
17282109
26714009
27623171
2103300
6990138
28985251
25022879
1229260
9659071
25403409
22555098
27292610
1589452
7603401
21623125
293930
18491975
17421545
11866031
2180651
4644156
16254252
23790097
27600886
9078946
29831964
28225899
20289581
6084733
11432956
10309239
24283737
423600
17096979
2045117
27504369
18955585
20169683
25420588
27206519
22022846
28753364
634373
12727662
794602
19708413
2313334
13974869
292618
15556926
8689419
28974372
27354254
29317283
4916246
5616154
13769361
14871186
10624108
13840690
27550679
22811311
5003688
15568823
7843605
22109810
3434674
7382812
29859340
22705110
14089583
16889359
21704402
13795875
16662414
12848410
3684910
27929690
16858957
22915872
2482399
20618032
1460731
6703715
23058700
11066208
6098456
5004657
25578
22261435
11647711
6452791
3884927
19370102
5239713
1015124
8282223
3976905
24875038
8532162
15891352
272458
9388505
2871371
3403932
10923115
29466633
27959349
17216758
5211936
14348652
15135949
8512256
2452574
14762112
22694236
18344125
28956770
29029781
12745197
19035177
6221372
7249861
16702851
23151841
13385763
5790848
5025121
16005412
9534763
9455619
14224058
23524887
1188176
16317015
15055725
7323536
6772013
14697863
19638187
6187969
16931818
25044719
23037206
19045424
9834497
6980094
6967835
12019222
14804707
21219588
26590809
20472580
11291358
21721480
10863154
15830854
27627201
12174990
1748992
21969640
20739640
19563368
7319654
29621045
14304020
2587327
23927277
28945556
22335483
29003752
2181779
27841518
5699241
15983083
3584792
18605554
20318998
27905676
29833274
283569
9570511
8588250
11811634
214693
4917326
13414042
7353535
701631
22009489
16580689
28327731
8156612
13869124
14079691
11199904
8216592
22844254
12731850
2469136
19323730
24056976
29172647
4388680
4342020
27863437
24241317
5866378
27666179
6842946
13532295
8710285
13273342
24085495
5615692
21741121
26515320
11918982
18123091
7626088
16261167
22642935
19852526
23885675
3256753
6571499
15963734
21762092
6098240
27708603
17928133
13078988
14826406
18275924
6299008
4298288
7691504
29542963
11974404
18141635
23044111
17304363
28573570
3690944
3833223
7313777
7411845
21952377
733869
9244521
14225947
25476593
19874156
429922
28932478
2278780
1339830
6171329
1948233
6309283
26653310
7036432
25635605
21286855
7080366
27706697
12112966
508539
1323711
13304882
26471866
24631854
24902294
12532839
14679844
8210461
9004286
11301648
26986719
3258376
605797
9015765
14812073
13235218
21603244
15607885
26265338
2256829
25902017
4802716
15895178
8937982
25648205
23068967
25817946
8618376
1941154
1679533
671142
29717415
23946025
12538539
5737753
16110103
26181644
25939164
5878175
16464476
13331602
15757731
8332371
25837071
14433767
16546765
9877031
16964156
9368121
13169757
14757238
13248496
17036245
8133141
24724029
25669309
2053945
19045208
16545624
26698572
25273419
19681880
12897624
12772218
3084742
24816549
20359139
14193793
20805363
4166176
8179170
8760697
4806935
28462727
11589074
18822257
22027558
23700973
5729114
7212609
896343
28127275
16534951
9415399
24171727
7674583
7700577
29861916
2427007
10721974
942491
23331440
17624258
26156497
23016241
29421001
22873463
13484275
6689011
508453
23727401
8207640
29004763
5940729
8669755
6630589
15167962
5148404
24250447
18622509
5929862
28592566
8873892
8878934
7597754
18350158
4416462
26721902
11048469
26622762
17554731
23424433
8461083
1572032
29546146
15507480
15397368
19676524
13784503
13465807
3627975
29110241
13298440
18768338
26636137
21156825
23223922
14780800
26629938
5550781
29210668
23691768
13061025
194137
18706789
13769064
12475807
21837432
4280835
22412665
6658588
23551231
23511883
13663806
7972747
8488306
3505865
13534676
11511574
12289016
12703616
23546167
2500870
12494738
4620274
2710105
12193427
25295684
19530324
13630788
20316539
9673471
25016785
19449906
22047966
24341909
9940744
28884289
21905686
1768545
24464604
4254987
2470088
17955079
3206802
16907519
19898951
10157668
13554631
746798
1211630
8650041
9457820
17564999
2668922
4600767
9292073
26106125
21700959
5373251
22757080
9585924
23278584
23013676
23444552
12991304
23400004
26142741
12217900
9756164
7320269
24911719
12969860
10808989
1206069
984280
15392144
22585609
2786321
4900819
22845470
24992281
29203089
26984930
23320555
1700648
3271528
7535496
29100584
24527335
25198383
28927247
19763039
10662567
771297
13449841
28380962
4154356
19646729
15069827
5402785
13793120
19152848
14153524
8699849
15759635
4066972
24247045
5001575
8908372
12823664
10166879
13761843
23432402
23689518
10536833
19834960
8336479
14456315
28518174
1568761
21257934
8610164
4811572
13603671
13021597
13274772
24795177
9491161
1432981
4110401
29375563
11134470
1118047
15350124
19228028
25418748
21997809
3276971
4930997
10598620
18348257
12271151
25865097
23974464
1567583
22382600
16818189
19964950
3282311
21644879
7185740
20838383
17056670
15629445
17950675
25717619
11180239
25502237
14801118
8697444
13521311
4768295
12235734
18639805
28326854
23362464
1702122
16694297
24712128
3274904
4685821
24329370
5922662
23048351
27998399
24395551
14378918
9733677
15269287
12164051
8115859
16763473
20223572
20724833
21767869
26006953
25208996
15902719
4804334
14377151
1680576
26615492
10720781
19408365
6730333
1472803
13049295
24893749
5361876
29475236
13078221
7051004
6460782
11943690
7819203
19574140
18325422
7233548
14192759
2876574
15723851
22190027
25111469
14785488
27766232
11776491
3474356
29299342
17477118
18239980
15474261
6214438
10953137
8110356
15957025
21949933
15804137
2735547
21193251
17883099
1306323
8481717
29282598
456884
568378
11653041
28317276
4997990
27716088
20905652
1278184
20939303
27639225
22185803
18125378
13104252
11361454
22060813
24956449
20397619
5117086
17949703
537969
1871130
25131368
10112584
4975516
29699314
29301644
26954074
12824372
14155519
5192641
16615028
18021197
1763959
7977005
24726330
6155707
16132668
26421125
21990494
24895628
25654888
1367847
4951377
19331506
25454438
3534080
2497802
18409153
16957357
11514676
5970611
26279585
1698005
14701689
25203485
9240210
2292707
3038717
21381052
15211025
23194630
9751073
14771465
16740146
8062753
28283598
2361203
24409448
25442347
16289894
10541438
10310420
13431745
13643020
6192159
24306828
4917511
19102441
10837065
1761144
17555292
17583831
2534509
6673351
24720687
20764772
6676273
25085097
21487338
14760791
22895517
23098818
17030972
26883171
22369922
2025663
9414057
22562889
10895149
29321195
5953114
15574067
7984254
24301586
1713326
12972358
13643928
7506831
10037497
8646709
14174654
1111926
28046622
1803122
6576678
12681627
2065414
25820846
3258809
9345981
14586090
25511670
20285721
1932704
16054943
25112676
22299492
10127171
21491337
1967799
1511459
13747696
11758970
8997607
18859938
27351206
9325898
29237630
7667090
1059272
2812032
5917837
17783947
27926453
15330399
27343585
27598063
17585822
29328672
16203473
23949405
10946828
29179860
5304777
15437817
27886311
4970796
11698714
14573436
7682880
5079679
2318747
28218111
792151
1825892
23120856
21787123
28417246
24540322
25939759
4578082
8177970
22474087
29685742
2193007
26798458
605856
21627168
10222475
24484777
14492632
8992647
23368316
18915867
25464363
14159810
11790964
24558605
16811861
17977745
22758894
18092547
3096585
22633663
6576896
9611460
2778870
6058197
26604964
16507305
5617478
27915156
26461672
6926425
26491601
24183775
10392853
1647252
8766270
29102881
928247
26317178
18965635
7454252
4877353
2876340
5464793
27499334
21198121
22530483
13008526
4007284
8172952
13456044
10062122
76317
28346576
4704699
16127763
23676717
26780991
9583339
24258031
8415806
13560981
27365187
26282977
21809468
4058102
29628606
7131639
12343933
13608445
22383251
12710527
974851
14251856
3375100
29727013
16668350
21205056
29350118
5145769
29133059
6571465
12856117
8833985
5085748
4138148
27376466
5828751
4608999
4871409
25964742
28536714
23399013
9258061
16549759
4552139
22298298
11662493
21852118
12560935
1290666
23408925
14578541
8841421
23894151
19960033
17246537
11333512
24319016
17045410
4354772
6671431
9836792
15822145
4129078
21770317
15059957
6660511
5933555
389536
11762562
9250497
9121512
19170677
7435546
24847149
20699856
4479815
21059552
22184607
21921777
3320872
19252257
4527963
10555555
13622122
13131575
17691600
28216288
9714863
17854408
8696575
19295818
25889126
6413457
21765143
22345425
6463561
9280295
18082544
13930963
8471117
2776102
11087208
5681916
12379616
20038344
24428146
24844623
15533128
11188086
18899815
26397760
28729210
25647604
15644569
12240862
12575202
29529413
27679924
29270878
22859071
20130812
22740795
24304911
4935774
16878032
19642303
15776813
3037490
1409954
21400426
29422608
27223204
7477553
27778221
7634123
29260777
13410691
2033339
24469411
18930908
28793013
4117552
6741530
3219557
7498383
28835923
2357841
6420758
8238675
25712987
9082262
27046776
17396722
26576931
12878044
4932378
20471688
29604615
16604602
29351415
11557831
8686789
7834982
17814780
9853361
25257128
2661522
19771756
8980503
17094977
20204789
23676170
16141290
28503221
29516280
10181026
14533530
18904326
9656483
12007385
14047727
7935122
22884344
10918371
9858115
22520750
29756909
14619529
28395596
3081546
24682363
20932135
15386985
10956933
20110806
2897096
13864499
18625044
5401255
39218
25454990
16201920
25455012
13964274
19094055
25737853
19175696
9374984
15845787
22859046
12884942
6021762
28601703
13853139
3420209
19945206
13403931
1041620
3608833
21824689
15208371
18163025
18116313
25995366
2707760
25159795
15124908
7651583
294175
18798209
22650552
26166089
29473517
18295099
18470745
21874188
12159753
20989165
26131068
12870084
721185
29951652
24918947
21165084
5991856
22019299
3889409
27749954
25940496
13239251
20440866
12214211
17754928
2329805
389519
6178855
16392589
18743418
21654275
3215616
23155799
20482438
26622764
25609402
14506411
6148696
4836273
20857703
1133561
17202434
28859233
22612706
24793235
19166007
13861176
4315629
9431277
2546031
12698987
14767646
28235575
2099814
604121
21127968
29768542
17660244
5350171
19076798
26509998
13557036
11026153
8474766
25428593
5889387
13568552
5047892
29310544
20836969
15725103
20293391
1007934
4069793
1514269
8562700
1656829
5036857
6177158
10751163
4322315
666269
929539
505325
5850820
23962541
23362487
14097837
20784551
16870753
21453082
28779139
24773275
14927939
11010133
12868170
9189470
9360404
678111
24005514
27874297
7290065
18477097
6618927
18979393
1400232
22484986
22673530
842271
14753604
16317469
15067215
21317104
17795183
27671463
10686975
19405195
4892937
7570882
10601013
552237
29572147
5399032
4617288
22109775
11746259
23151434
18285888
18750975
4106770
28127023
824487
14692647
13851711
17306189
22882425
8813232
19403384
12894891
29778175
13411439
21682724
11002565
20786273
29926392
27562687
29530231
27517433
2349306
18566209
28928876
10126763
13806199
2530579
4197082
5005509
1583419
23396117
9810054
8727444
23966441
23053564
7468566
15261817
18528639
6967816
4587202
14268771
3913921
25736583
27657799
21451853
17870363
15536872
1337744
8651625
25615650
24022452
13936903
18955492
20729944
3294750
19264882
9497665
13504067
19612762
27722926
19376194
13102026
25845516
22816454
6613902
9756906
14238415
21425620
5712866
6171198
15304889
15840620
4879721
4464704
20967508
29119285
28936284
29550210
11273349
12117890
26132020
11929830
21287810
10968972
1030745
12195163
26912140
14747348
19586855
1205557
15378430
11117642
7373434
11424186
23893548
4471211
18157771
22569947
14941996
20952233
325193
7387780
9510801
10087172
10130028
5538830
25839028
3315025
3419133
12099133
1968745
10122698
2771925
2379251
10304940
21550294
4069065
4357562
13531403
11244763
11978047
10206151
19835387
12459644
9107136
17392077
22014580
17750372
29837032
17326235
21920675
6738605
8057853
22845738
914904
19289302
23582773
15502890
8470363
360097
11726575
13597548
27662146
29497842
22890680
29236897
3449709
12732823
8262003
25794841
20862580
27863075
21075097
16000667
14337706
17191492
27673072
6957867
23221914
3334102
27838505
10906435
6892412
16424988
590801
10933570
23697320
12680373
13391158
3761463
2424768
13405733
2549957
642880
26399508
9693571
19854566
29681555
6792084
4353398
11775408
18947098
6970596
1152560
16764132
18304066
22987060
1539045
21419999
29802182
9250000
6781226
18961043
13456785
19487827
222450
5402708
26478832
28294743
18980355
16470714
22383745
27458144
12751414
29448520
10277257
20414845
6151670
12945395
10168795
21292115
29014367
2344137
15558389
7859922
403646
1479466
16713892
15328088
3427148
21172876
14808148
20848881
2149965
24485422
5366550
916769
5583210
13689849
29649874
5628716
2773397
14742133
6772269
14217755
29049026
23547378
15264742
26689131
9265324
19675959
7451296
6932971
28576646
4433844
20186043
29112202
13387420
19699551
3258034
13528152
4892386
9108381
5440784
17171600
25591869
12253689
5883769
22642532
13737460
4664510
28033808
13347077
18959482
8377690
20859724
5587646
21195778
11970172
17620426
22498547
25545338
21035555
21007976
11337687
26661818
18337706
27589914
21636113
16805957
5959910
22861072
6666352
21194584
13320199
28110213
20881495
1995459
21899760
29245878
11903871
479603
28306780
27856741
25099752
18527235
22301834
3029187
2122120
4884654
5574753
22032091
2888618
16587993
8355329
28599625
7132784
20569175
11145019
29455490
4049473
20457589
1116089
12984261
6439674
3950470
3487891
29444213
17297842
18064239
24972075
7465955
6521066
10582982
13836025
13812705
25627228
5276104
19534387
14247065
23565320
9613384
17947449
8545672
11383818
17044711
5166692
20516476
2583171
24084676
23302448
25970475
12354066
9421500
6207589
705441
23839572
5071450
21317992
22604870
9411223
10650865
4656201
5976920
2215779
28273632
26950506
7819143
20952083
19049098
11648129
22180312
3596796
27999992
8311017
7864594
22435068
11065890
5079398
27092376
25771792
21535049
2748463
13966615
14064988
298328
29148574
29550943
21660067
10570246
20042352
16800662
26355875
19757424
1205775
7079017
10477940
14622738
12180818
4105906
25359351
21298645
27425972
8441245
16079816
12561322
4999851
15180880
25962462
27036269
5734109
4794945
25433636
12811589
21648687
617385
12343578
4697829
19285855
12920933
22626994
3561400
16686104
4703992
9161744
29362421
11480371
4303780
16694799
16688209
19578002
3835545
306611
10975601
11228633
26295361
8941771
27343281
27146812
8971115
7152003
2545415
24911959
2051017
28023896
5635054
19488675
25844721
841083
9567396
25169578
11608482
16357213
23090837
14984104
26964209
28007320
6163461
5423054
9425015
7571457
4110365
8604919
17267107
10187211
1872943
18715167
25647372
7439465
8993001
18503164
13615432
17688087
2097156
1203541
8257357
28486647
25453100
9469333
26424179
23804950
14803046
26444523
4277316
19366060
4620104
12139837
19053631
13563048
4345653
4165015
27526617
10758071
847876
23694417
11903982
11777129
25785622
2534516
4724725
10763427
7862761
10940404
18948798
7310597
18436775
2152050
20896249
29940299
11531079
2543217
7643563
10940290
19736781
7606285
9887839
7584361
2200060
17890936
9610340
10419337
14682429
15438054
2068424
26894381
27771001
9314159
21461866
16639
13488805
16994076
17431913
11249471
17287173
12519765
23502772
9611195
24067356
17964694
7291010
8683540
880410
21960722
13646869
12231168
14621308
11620088
25661673
15922353
2813718
20456222
9638811
13076122
25834304
15803112
8257238
11475143
2687861
23010020
24139154
5058665
1522151
13247279
12037455
25690281
11169566
334106
27168648
14836833
13367269
16862417
26481893
16020746
8532083
5088597
6639879
5679928
15821360
14457572
16634830
4591566
8200530
14732353
11945174
8755881
24580681
15673733
19663838
23497464
17874061
14343468
20520023
24242010
29053491
19716749
28848586
11599231
259150
1716307
13560404
21828976
25664234
20055421
23247168
17949023
9977058
6635420
1871559
29144094
7692303
23402088
13676538
9779662
16537776
8765990
24588326
1546454
3039047
2020574
18731498
130531
2414020
1315177
5140968
24361508
24102766
25951926
14516141
19035469
16937956
11329584
7241305
14382114
18862021
4940007
29540557
20777876
7496472
45121
7899389
20354927
1417117
161756
1072649
1306718
16359118
13861006
16551506
11449534
21678817
19664132
27517265
16998257
10950810
21513118
11397535
20064651
9214159
5874664
549828
11214927
25460716
440202
24383624
12173740
532349
19669236
11463703
29862862
14532083
19919806
980323
27670086
27832419
26130274
2851249
6842891
17944375
16625621
16531004
16389629
7606851
10306327
19876348
15485375
13554800
13011017
13690124
2585128
11001905
26447105
26908431
8273376
1118419
27997117
17641268
6780192
24239640
16698175
27860523
15009175
5179944
22912370
29829508
28931458
22835467
19935271
7497748
10376556
12616586
1155616
21915934
862633
22076509
8130753
25010478
1761197
25734722
22559808
7039377
19573914
11643703
3738726
15800677
19481591
10714099
24928331
1313119
16711190
13755294
27542833
1463923
19982184
13839899
3466434
4615212
11809589
21028418
20625851
8667959
5695489
2701804
23313369
3184951
21766759
29901701
27130300
9635905
1297209
12639093
8838557
604000
10497278
20118431
14103336
24857122
3715027
2641404
15430750
9867202
23427266
28938369
7584586
9388931
25222207
2446042
21184190
17868205
1422417
18474517
8822358
27971513
23443204
12686752
25119260
20212006
28742007
12573228
2175489
4108272
9689974
29401279
7541930
2307383
22419271
5266236
13203520
29775094
4016151
27746452
28698876
24209427
17215183
5703530
16957100
505691
26168609
17398512
22748075
4299087
21780768
21837183
11154917
6512609
29536667
1332820
3251124
4778399
8144073
1644687
16864172
18091647
18183687
5831350
25651540
13059716
9348870
3312465
8963466
7160555
6421256
17414515
6860717
1408122
17378769
22040588
27904806
6986720
7092668
12553621
15757609
28202514
23378032
26486782
11774898
6473263
29713699
22098268
18328933
7264829
12716956
12448991
5332476
18822552
25661399
14697741
25340388
20391775
21918343
21604645
3754270
6770914
3210226
6090219
9411633
17500551
11281410
13673530
2726940
10677962
6285754
7304856
12627952
757628
4932152
862036
26830380
942067
5598599
17115842
22645603
9759560
16356722
27823618
23514814
20848408
19794700
12412779
22512355
12967682
25101756
3001943
29776376
1274489
24182619
1390384
8013223
15485207
14268686
448837
10776283
1171503
18834204
12990351
16184858
12776912
27240533
23492544
16480447
21192002
2584457
19612032
10540669
10646844
9724185
29640546
9558255
19972833
27308530
21656072
8100110
8441547
10706834
2908577
24011807
5059149
25123669
23720093
11169830
2626850
16262868
10384104
4066523
9129571
1312073
4837901
25250613
8358401
6953338
26046669
17061119
23933767
7367497
6370443
13724618
2504255
19793005
15402054
26101422
17756992
28565992
16937593
7241687
6240322
16864738
5344668
4027049
27806581
27075626
20666052
17026927
22285466
5570719
29992014
12807957
18332364
7691235
27667311
28956200
29887065
6898647
25580321
21240088
16938214
23055364
6025894
8888578
22559086
15823577
27256110
12942145
14310056
29458425
14556025
9485837
2591725
27566536
177452
4904365
22637695
29568382
28110408
19421596
21853403
21008301
5426860
18825974
24893837
10936795
24450852
26744730
13405311
23262685
14533454
18023311
10283030
14926711
9130601
17007043
21408419
29780920
16799964
25504816
23340816
10880905
21803308
800063
21214680
2902142
5213384
16636728
21506876
19959281
13620564
13769843
8096067
2306384
29978824
551350
18495775
28633925
11103381
6128145
16974509
5889699
5533991
22974807
17835807
19836936
9604737
25654668
8686568
16322948
27486468
27287795
25327340
24903976
5641243
14435469
10021137
5917710
3703633
22369337
24159528
17398216
27076851
22880068
27507532
27343535
27816492
29938477
20167712
28262594
14444922
15831471
8692140
4074187
25479279
19387584
20219390
29197225
16419413
29831474
29006368
5907962
4387946
7202442
18857343
23376801
25325310
23123159
4046663
29870375
26502377
7721185
11937820
13848534
13281695
21020583
3025466
26781315
4678438
7330156
22712117
14883164
26722075
2687381
25488063
27886809
10266739
27293158
6685326
28025539
23334012
26559920
5725379
15372930
13397681
19280409
8240844
3803634
24258005
21846264
1075131
10703693
29529561
29819341
1577117
27809065
6544026
14009618
5638574
2341938
25478508
126570
15365349
20961436
1185928
11063493
23715041
23506289
11188255
27576921
18508926
121697
4372707
17570294
12383206
20513009
15812550
15420777
660776
25064199
19563447
11016813
19553211
27374854
14253356
10593946
29217353
7084217
4840621
17279342
162643
16242307
6372410
4263646
29176664
612200
14304030
6910321
193113
14602842
1543202
24074118
26117717
7584306
945513
14035306
16998389
7570755
6741447
24090291
2177242
18928456
25358441
6324038
27306548
5931699
27799875
15017796
15096197
9379179
28963280
25347404
28798298
12909842
26768715
1958373
24466064
14871598
3340527
27837886
4379024
1535924
16619686
3958610
8769628
13398613
24895733
17833774
20947309
13195166
29896972
12194420
24848150
10325538
27169632
10521856
20002824
7436188
25141555
5468552
18256994
20590721
18091986
23375324
4586384
7368548
10812793
19969358
10166733
26454545
19583476
22485931
33342
8833472
18734384
28886303
789881
17019300
7447873
10113386
15302037
12381397
1758712
545890
8965532
28858727
18333674
3559060
29535032
11508128
4406734
25222377
3329267
27635505
9522280
9771203
25469024
2225951
23203169
23318353
1242038
12298153
3738545
13928224
27122688
17682994
10627706
15120975
9706899
2775103
2064165
14346766
6662921
8034514
19756970
28005953
21020963
16152933
5877855
8069141
3327001
23566207
15187109
6629220
24665749
7044012
12444915
5541886
17682547
17504564
10809331
7036244
15474937
13336926
29576274
22429412
18722720
27204272
27492933
1085619
3337181
11235610
16848858
232507
17981170
18830085
2506696
22105797
14845149
14880053
14698519
5474943
28418862
18282098
2950263
18746135
10762626
14466104
21718507
6613408
22810488
25307315
9079131
2205518
18700324
2429614
23397124
20411923
8421983
9165315
12791316
4810276
4116787
12025004
20627602
21832252
29161868
1278193
1229483
9701857
20848136
28525496
10439499
3087078
3612476
6297534
11515875
16007565
22248595
23752335
23059394
11991023
20782257
619281
15914828
27280227
7225348
27252349
26089732
26764126
16486830
462104
6903325
4135290
23314302
3583170
15795192
8365754
7943008
13759452
24617026
5099258
2525496
15875114
3664035
10655809
9334558
12371709
17835389
16865467
27560313
3547741
1642325
4284440
11094545
8160062
15532623
19135488
24745894
10248531
9381338
4103214
17136428
519427
11874962
9250516
14530603
11060203
24971865
15048224
21425006
15997960
10883283
17681722
5187593
27297174
12097709
6786109
23381564
2752037
7979240
28743293
14215921
29301759
6494963
6201873
17817966
6002804
2989702
26779258
26392256
25565591
1960072
10702151
29426464
20830433
27756598
24785699
25089983
14047469
16440528
26983288
4640065
1082617
19925285
6362690
19524508
8578437
27122857
16120120
5056484
16909883
28662980
15920137
7891463
8959863
998005
4014025
9801200
13027734
12560505
21675506
16281182
20909579
12394733
5291913
2280949
20510104
18213596
24722760
20977465
25866906
16721344
157058
29274806
27639133
20666086
10304970
18276896
2610868
4988031
13227575
3157494
21018347
7524881
15690096
21702302
17943676
540692
4992924
28082814
20162803
18105595
18008419
7486605
15887358
12909001
1265822
24350305
1183525
22623881
6403427
13449135
19084724
9992283
29971331
13268269
19353847
20305869
2423528
3522915
245834
2206691
3903130
13298490
25366157
14612471
9506165
21803727
614102
16620674
22557876
9554448
12750661
10282875
27820754
10137175
19007222
21715373
22109097
29953376
8256379
1487109
28426307
13325454
23830369
18389617
18057139
15020129
25133866
14943788
11323253
1808818
28180346
11962392
9391500
23662439
24367569
20866624
27789257
7597050
26869969
280357
23842824
148099
5132354
22106587
28967673
26516821
12967158
6828221
15212324
29285411
17896479
17988687
19342047
24192520
6651902
7790580
2837571
1837421
5006107
3055762
13922239
2499433
24220326
22450015
7331545
6568080
18915824
21041226
5908271
689168
4174265
25550951
10951001
6112961
24395303
5554887
13313379
15230011
1648363
5413779
8906148
1817549
8017369
6559000
15200057
28126822
10269010
18786597
24435933
12006854
12369363
2151147
17541189
5208942
14924927
6070766
3879686
12548337
1117231
10355075
4189311
3795060
22472499
28911646
17618740
22456514
20846887
17964169
2923307
7311338
8226683
45081
11431034
23875198
8233967
125290
15626987
18111687
21778
18662189
15904191
27594370
4976435
1987642
21181478
28574381
16256971
8258309
1155960
8358985
5296201
10277284
18508701
13359626
10136704
27561122
22521406
26707173
9761682
7174952
14845107
14284170
8280499
9703518
28362369
16632086
5272600
26053097
27325304
3344553
24594182
19752176
22121850
16149027
7202207
25470283
14195368
11645344
23969800
12671258
11424100
19731485
16092486
27967643
11439921
19129222
14652205
27750593
29017653
24394522
20909521
16072400
13031430
3669054
14366377
846345
20025442
156330
21077215
10167826
23481902
15861128
24803066
27530676
17919582
4331360
9506024
22709476
11870110
9305891
19992146
15693145
5673225
3356265
23679515
10652152
22383231
1856446
6264036
25581090
11917242
1863865
15519439
28329255
5689755
14284393
15671031
28087648
28600099
15488128
21736159
495132
29890922
27183814
23138593
23512536
14054992
15208553
27009467
10302212
5651200
58502
23815856
22276854
24710846
26011874
26109789
26805540
1895253
29042596
6840381
6050852
15991738
3550508
4680715
4604637
10099237
3436268
22006494
14950925
28335069
25263217
12668093
13307413
10838276
1272211
6803401
8781785
14821494
5919155
26918377
17790409
9269885
21185149
17591960
27738437
29986866
27487180
248406
11962468
6727071
189553
14142681
12141071
6402000
2268553
9285139
6446169
13819481
25419409
6986835
26879076
28163691
22142851
7381586
26696773
20907863
14904640
22770513
26955772
25214669
6743633
11704541
20541518
26460945
15091204
23039793
2877946
26628512
6648990
17346538
28407219
29015583
29413327
4444445
29933173
8694058
24026886
25369088
9180703
8264799
10949261
24320054
222946
23505536
29429814
11177541
29953314
28427509
20343868
17276313
21606578
14403981
9999514
13430254
25750143
5557925
25809559
2543276
4232048
11080767
4440795
7409727
23715628
17926053
26797138
9030941
14562584
27979669
8622604
27347506
9094885
3635216
26549665
19936273
24674132
14923069
25198830
11068644
25905556
6362362
7820518
23642920
28325673
1414366
9812939
10767383
29130715
7279871
5523157
17538693
23150808
16850214
22346522
26105847
10377137
15038528
7235279
23239609
7391900
17286644
4663179
5463139
24509078
13345055
24274930
24627305
4939641
25805104
23416025
3677957
7971710
11288720
10831967
10866904
15787983
271777
19446338
17414845
12791250
6278532
5842145
2537121
13743654
22869914
7078627
17033997
11921557
12219523
26754159
24015256
50162
13260844
11001718
24757679
26040088
610268
16113119
7348077
22535930
19981467
2389233
28067693
28286499
8050120
12449995
16598408
20067328
10261938
24597189
10062159
18104808
2703626
3435207
16060537
1671877
9633418
12151454
13476493
1876662
24305284
221890
4407143
1541512
2128787
1753366
1481998
15616420
1693870
26655260
24527754
14184454
13740944
4197766
2485036
28433480
24197664
15998566
2667408
11525491
8583999
16657194
25074696
8887070
17098900
15437688
29363057
6957358
26418863
5605795
14723577
23977538
21622822
13044911
10126421
6817226
19298210
8349871
15946135
24860999
7651168
12669351
14090069
8194528
10323175
19047619
15999333
7175157
25895177
15471177
2741273
19525615
23819002
7036806
22010052
7773578
22354989
26096876
4238659
9427678
16267192
28810452
28562020
471308
4329635
18091910
15159434
24084621
27439881
2996423
26181593
8298665
8574473
24570200
2169269
27567333
10475731
29155889
12498321
2961232
24190072
14601208
3104272
25873722
14230571
19313284
6952650
20931026
1960823
15003477
19086242
5332731
24747042
7339196
7574600
24292632
1554847
5892163
12608209
10001165
18845364
16595982
2920779
13700955
11807417
19970243
4437214
23440827
908034
52603
15636566
12252242
19600975
27844504
8752300
22814295
13903932
16148597
25992784
21127171
400398
13959240
691492
28558672
13710464
4621190
648662
4984498
22735229
27396100
18731913
9010760
27472296
20729487
23861636
19057816
14977568
13653635
12023454
12910077
13956219
19088707
11345558
22177090
23034435
603137
4364071
20984004
29123974
13700356
9164728
28265481
15130416
12622035
23940451
26077990
5173725
29419125
10717545
3802561
19081324
3400923
25106326
2133324
25854790
26449251
11873556
19662967
869911
20866451
27822095
27440581
25754599
15686759
16806740
23208387
18838025
496437
2658439
13921196
7577010
12363974
6336296
7444773
28107979
21386277
15208659
2677212
19524635
11142279
8638167
1514314
22451967
20287774
17776398
27489420
28011080
16609105
27864929
557579
19478422
20051841
1049597
6706944
19495720
10720147
29285514
22847227
27111996
22524027
5669944
17234218
209992
25158049
19001266
18114932
945249
13480980
291384
17260464
23586221
21130753
26952027
17790516
8367294
8431585
21080216
10957860
7294272
7341927
28453347
13397812
13276327
19873781
24175681
15460250
25435789
10777673
9684812
7281952
22701225
28126838
3437154
10927036
7804627
5858877
26041158
23700845
19858251
14615332
22427543
13258255
29120785
3318292
2639225
20645905
20655049
8524001
14231270
15614153
13063729
21665134
2181423
7718375
28244425
2153967
5897086
9943150
12468697
7611424
14109159
14014426
2330082
17477968
9478566
29145174
27995679
14554224
20254877
29466407
22713715
16693661
1809800
15173987
10780130
12845944
5934155
19512026
23477828
2454700
10317848
14830704
17700072
11843222
19285792
27529482
1865784
20284932
16983485
17894014
23834364
11285537
20861469
17287359
11188610
7112273
24586656
25043286
20852236
9754056
13777261
4080481
11932661
18990395
27603074
3765090
7505589
23762308
3398755
13594404
13942919
19221014
1822782
11685110
26322545
28619246
20436788
1238068
28371632
4420706
24805753
3219431
21606539
11842462
9520652
15653570
11087307
28331527
10197338
5301801
12367281
14285090
17383670
25160655
11853149
1104198
2303945
1383291
1011637
15905316
3981339
9627206
10892688
18017268
1036042
16060521
11089244
8853186
12263205
14835552
9056524
17233633
21488947
24586543
6032564
16129637
18757008
23787368
17234101
19397356
14610203
29044759
23324467
11130216
15892709
16024326
7321645
9676458
20871400
20506988
20620819
2652144
28839261
12267386
20942835
16080410
29864432
22892500
4921159
22525330
9723908
18192823
22728206
28903740
3104329
10549851
10936304
1087322
29434740
14539277
22555246
29569820
11191158
11977430
17964356
9493462
14435519
29487655
575935
7670154
20760463
22758242
17664469
5615802
9229712
762133
11045397
25569614
9158327
4477180
26660791
28906741
14207886
7720881
15664487
10623471
3776864
23388953
899156
12641073
25114789
1311012
3792781
7926316
20207863
16337290
19837758
26670246
3613011
7245345
12374514
22889714
21136375
186814
15809368
9937695
16178890
17208254
11935128
755
3060723
28220385
8029856
24899435
14028948
20747066
2054932
4471186
7639051
10548483
13792618
12024312
27964547
14572365
23858533
16762504
27854986
25383711
9213806
4459
21427294
17638932
8805586
27427109
22120655
27864491
20264957
28480311
21253558
17648242
7329520
9615941
16100049
5917992
20945091
22909553
28652601
13053983
20796852
11407757
13069899
17106669
23453719
24618343
29746921
6854663
22518207
7230676
19355212
4757716
16909715
2941941
11607084
5814598
358850
29071477
27506727
29653095
20698069
19631360
24699717
22948776
9707685
9411469
6078425
28456618
23348811
15739378
28444301
6665642
8553472
24399865
11958272
16823226
18552180
17207226
16845218
17459214
4507663
1461280
12734379
11411031
19503147
21327170
5911233
5583949
12372856
12576138
15526484
17242061
22069146
2297447
4029584
25697675
27707426
10203215
17239199
26961501
19119072
17693574
12045635
12086710
24992659
11276139
18043800
15967249
3626421
11248900
26882563
668017
18594871
19211993
10691503
21662925
19304040
6730257
19918045
29530104
10387030
14081184
23323933
26215415
24749131
135804
15564062
27517644
19705260
17678254
6605290
4487462
29816126
10111560
28658081
2985496
6230905
23348860
1465676
11570681
13008209
22683253
9308967
8277852
16053950
12796764
17840954
25979135
26983348
15936001
28901335
14412174
21809842
13349447
27723953
29330645
9221079
8547371
11120300
17393027
3757408
12232491
14846632
25695136
27578273
11983757
22731415
28671925
8619221
27021767
6316874
12612321
19534367
14098052
5957082
24343711
14870994
13021272
13673676
24027304
23018813
26140602
18566453
26892679
9954075
3579776
22190453
3372287
9165797
10953442
22983743
24432183
20496052
3048265
23746108
22476826
21951437
23129301
12152833
18728232
25501636
23731416
28677773
4760989
13463450
24198534
17805345
11333822
17152510
15952830
15240027
21052755
4832826
10678632
19807082
9799129
24381844
29171912
1139816
18766800
3129236
26450078
9410253
454222
751936
24175002
16639759
21146167
6756676
28601103
12866184
17048535
18374973
8861728
8622898
27532267
3300804
16985331
23803943
1346695
8360518
25759114
19877154
11477126
18921124
3785211
353319
16638329
21750768
20855298
5277459
2475442
22214566
18187686
4011672
22403383
376850
21858371
21017985
1066271
14150
25615002
26976254
22833438
18850390
1422304
2287069
13984873
24540921
20721005
18637103
22358233
383639
23153316
16312697
6696368
4424611
2552034
9088639
248379
26902797
21889673
12703019
26853048
10774407
26754798
10226259
25396821
7892030
19195692
10237900
11329181
1963776
9647713
27474162