5535475
29560985
7719217
16458107
16105363
19165153
25109528
20953186
14593206
3505722
5899550
3711725
21873870
28325936
20476713
9310621
8101621
9806776
12549308
18738281
11551759
27265595
18652516
28105412
27918431
8016290
21806273
6759432
20052367
19153079
17384654
22711680
29916201
18449139
23551447
16791757
267971
27285385
1543446
5656453
380573
25311940
1181170
21409708
6282733
22434849
26122629
23895157
8358082
3071481
26175622
9303678
2049142
886664
2881212
26990643
3001724
2309620
884542
14721807
14305202
19462102
23896300
7905191
29910754
19285959
17577926
3738234
28293313
15613659
11599397
28614531
25308496
13610779
2365507
7518639
56393
21390112
11647876
23656654
28597020
584797
4792130
5389256
1593191
1024883
2180518
1345881
1922676
18661525
6178990
5010449
16377814
23967595
12736198
5101211
1420675
18976786
26235263
24353225
16837675
28030579
27846290
4929669
26875767
25671070
3528498
17135764
499434
25545496
2569151
19476538
27301734
5030667
1300270
24918099
6788362
18846115
3896496
8778238
27514633
24152345
14752535
29102582
28771415
6755653
4013127
27205748
10046096
5903307
5519944
17347616
26579068
21370709
17523063
28604398
14386711
23750631
26478866
19596235
27131954
21635936
14245323
1860516
5995551
2749037
23644044
25071476
28013292
20807835
28502332
19776016
766752
19696882
8803334
16114998
20977496
15568593
15313556
3814394
22865585
17016732
21242977
8422938
19079165
26046108
28306384
18709316
9606456
8267312
15170051
27025235
3513291
9499235
18705756
26444837
25080216
27191556
24417569
25532039
24724555
2003421
22781637
22301109
18449246
1924296
21793527
28290985
24197826
2054957
10540241
5274646
2495631
9624669
21064580
10941914
9154122
7425196
25972548
22881295
18470253
28076946
5638590
6005096
9169756
391775
2135650
29326969
13176035
26653134
29158240
12853662
20926780
10150876
6925312
7059108
7265862
8727883
3258252
2065578
25314063
24475114
2908127
7271645
26245063
14612628
25604277
21575073
25657825
19281914
1826071
11473154
1986747
759589
12121416
13014771
28258059
18170117
6783171
27437678
19672861
17698605
23423156
23034463
15213853
26962384
8929933
3796354
1191880
17289130
745959
24364351
5465002
23393461
10196125
6164286
27013270
23366246
27061056
4104168
9977944
24668300
14222996
18538327
472457
21638455
5628393
3687889
10786864
8308592
26217030
4172018
15914383
4385018
6220543
10299781
4935338
21802884
22514185
12965023
20981281
12628911
10437257
7631234
15168429
9729807
12036936
7850814
11544898
6352347
10379739
20528937
6550963
17969188
17921611
4487228
9468257
22175070
24211376
18323672
2394313
14925558
18717294
5169411
9692877
6999326
16103808
3434779
13636741
16256100
16946744
10495977
19533322
10277412
17955137
23389173
28836542
22380091
8812832
11737178
2498600
19486541
18959338
7373459
17526598
21316740
7192506
11337965
9814041
2815959
13427483
13062416
27914087
6476791
28154807
5733558
9165001
16803804
29190362
6504718
5933492
14942040
1560240
6068271
9458271
7456822
11515793
14351379
21238132
26207961
24592057
24546039
1344363
28508095
25542566
26995135
21185268
22156439
3867694
4459817
20335526
3234258
11827427
28203094
7943695
11447322
604238
1133355
3225637
23270162
28418849
18031482
625519
13142132
19905852
29406089
25730717
2876111
15054479
27791941
24225493
7461238
7068622
22558038
6459280
1603963
27037586
18832529
22243135
19488315
2108381
14126996
17926684
8866097
26563843
6401174
24744453
27750434
16204646
11346006
25907278
21558789
21866471
12099119
3382676
6561699
9257513
23894525
10354219
3066264
16119946
5097478
1000781
28824114
15968300
7326708
22921459
20364725
18638230
15313370
15343166
24834048
13477196
12918814
6004197
2997396
22808655
28339714
4883128
16037690
18549832
8221013
2975220
19222853
26108451
24371179
22918204
7311156
7626569
11976695
20401706
25433762
29258289
11582107
2529909
27936120
2301901
29655041
10497613
20060459
13272754
4975737
27051550
26409622
7529257
26811924
9929122
28848230
19853190
27438794
2732161
3167557
10385295
12339045
11738767
13255461
4577184
18966724
18861349
21170669
24450403
18510119
19557855
7728483
24140016
10296831
16059530
4627473
9225002
5339306
24550066
21202947
3907821
11468145
2342629
19671922
24852890
28182460
22696008
13360065
14183197
6039537
26785747
1285162
2991479
571364
13554934
25762481
26662256
10978638
22757743
26664374
21086971
17806843
26937865
10534365
18736071
14240815
14871971
17400201
14390301
23191039
29679909
14744656
22101495
13327907
13038329
931518
21073071
13530529
4495795
14728049
885967
11932545
20796588
27939743
6702009
22840333
25808480
22915400
2220959
13787859
27170389
14605013
29408925
18174070
28968043
19510634
6272312
22066229
3714011
18305099
4648747
12085760
1810185
10350329
27429924
22924769
29590623
11027991
15116169
7084283
27730554
12886814
10413885
25597419
7173846
27471692
15883860
5255561
17688596
499718
23872781
22465590
3589057
22399942
14586401
12594444
7472213
27396373
9845523
8633340
6522275
19739704
19287873
19329858
28111156
29763646
4908325
11282610
24973633
7709566
16528354
27945555
16902885
5321728
2509995
1650414
27917590
15137357
15394892
16557011
8401252
14167237
27396810
5830233
10938576
18986939
5602330
22488034
16200364
27586415
22984098
16827705
16459442
13657800
21987787
29097917
10501238
5439772
13786086
19381091
23206759
27515199
22082143
2018106
26391476
3895995
21162290
23532577
10797093
26868835
5697893
5857878
10409642
25235900
6238942
25879959
22275617
5982971
23062123
2103008
6802598
4708533
26612388
14915397
8265930
24727480
18435824
2916166
13607048
26432690
29068371
18928820
4798258
4980808
17974663
16468330
19058704
23182598
13689246
22591886
21566961
24732302
13754371
2745888
5492744
4376887
22452909
3487786
15697184
22168416
18862160
21033449
28923536
8126988
17271453
4402758
3421061
21292556
22064648
16743935
3226626
13801659
21581940
1241783
29538258
24726970
24074578
4899646
27555967
16497156
28748398
962854
5527106
5174729
29492757
27751966
12754784
20003739
19071106
17888089
15392149
4641995
9469876
26480481
19226539
4756115
18543488
25950551
12177398
14197801
17474337
13301679
12037644
28357014
18230789
14462724
24310059
3258164
829512
23501466
3953448
26909855
13051139
3883857
10272809
4322487
27498137
26521090
3227327
21283013
2988271
5699015
28112772
4314045
20503696
23581925
5386165
4879772
5174191
21771120
16307943
20586028
24687941
8265801
27621000
21147390
14334161
26205043
14240703
25031861
3967583
17913055
5172547
4001950
28290818
12932150
18368172
9633464
11740372
20411495
23308851
5676604
663445
23937264
23996381
23955472
9837622
16562139
2532680
17485180
19782232
29325717
20155556
19318996
3918611
13014209
22235562
1184814
11400475
10433963
13574825
18778430
17435944
2166595
14960296
5975047
3754192
9685079
22083897
9777717
19960912
1077456
19535241
277758
14101031
15442323
16889944
28939787
17187088
7803633
14723294
19543079
14137603
5571531
26278407
12332196
15807641
14496506
5693252
19494645
27701158
12822220
2465272
2032547
5827016
23472863
17392654
9494209
2694483
4927473
28411561
24095823
26671669
253320
25139388
12914708
25234416
21161260
10368562
5931352
1018601
10734230
28968320
13718081
8027672
29764367
10003354
20121402
19053647
16616108
25191077
11252718
9744636
16338487
26716742
26642754
24518411
28251167
4256478
23910734
13660255
26207569
8137597
16321456
8651755
3009819
1120164
19524466
9836142
6599297
8681204
12852169
27264731
23266341
16949727
26222016
20459839
28468119
11581262
12624018
15235937
16075801
21969962
25011867
143564
13487015
2900915
21855697
27912219
28278525
1862566
21278446
19494764
9681499
12325721
22265763
4214109
21257376
20168043
7378697
12836840
3411140
478642
4200551
5537500
3725583
3986520
16213808
10291761
20323886
953584
18586179
3960594
28875593
14807737
2200228
21117737
17534229
14401781
19761590
18737514
24628732
10158973
13691344
20349273
14883378
15872387
12886619
1523046
14662026
5831545
14913105
15522464
346707
12047832
3774736
10382235
24173487
7562506
23816654
26180700
9696312
24884775
14849438
5513077
13122437
4093326
17146920
16082965
1937187
18006227
2854660
6042568
26816087
14245422
25695236
21327270
3660926
24029560
12333220
9970655
8552408
19201572
20360654
16478367
25635353
18584944
18803363
1523855
14243056
6843126
19909611
27293179
22047560
15573705
21067229
8465912
23704668
19168224
27231505
6555527
3589725
2540968
23550252
23543284
15393123
14034999
3809045
24278732
14803970
4005183
19176718
8077743
17686626
5966921
16268797
2508101
14831160
29380666
19927454
3783653
22547527
27482338
10244185
25102264
15437402
4948213
14355666
7901372
1980715
29443805
20446398
13576226
27172967
22253943
18460115
1984623
5025355
3995488
5719677
864663
3432826
11269085
7540670
27786347
818391
13094048
952883
23617402
179885
21113803
3057519
1279363
14384477
20366458
6652926
28448222
24187527
25480334
26077102
10022743
13254
29374967
439442
27617954
6118197
20316072
1221311
15007525
25320404
23896770
12524958
18410987
29993940
9009191
9292908
10201590
22747021
17591355
21307105
222630
27680604
13538545
12535683
20967447
28414662
13147549
9745758
24851940
2036230
22054518
22214531
1545710
18997440
12584386
26077717
25869371
17900855
13880970
24004379
20445737
16375585
1250677
14817057
14544600
2645442
16868740
20555670
519755
24220366
912583
16016838
23174548
900017
20757059
1209808
16436522
10747681
18795378
25142810
15698376
10554558
4447646
5704017
18907636
28538439
9433468
3907854
27986904
26689000
16932381
10494079
26337336
19003668
6859185
29811897
11690804
9201229
4875822
2517298
4741016
9071271
27826260
9465824
11224231
7999920
18581331
17845230
3922101
18504938
14673662
6390608
14352286
3195611
6490603
9912799
10726341
19353219
24688041
21120414
17453328
12224887
25522168
23018505
20399303
11998487
6336512
15673614
7806868
21735270
16779229
29468760
19550345
18350248
26903722
25739270
21428736
10830386
18981504
12757013
25656912
5260609
20773094
26368393
23974254
15315060
5318244
4788445
12208163
2014341
3914693
18604338
12556100
8374551
21272512
26302244
648408
13949395
15715840
27521827
19892444
20946804
24826052
24183767
29562819
24602278
18203446
24613907
27330230
12860258
4488237
5631081
94122
26094667
29049980
8747614
25344556
1282189
3754227
6626383
6702989
18378657
25138837
4310831
24616171
6371479
22942075
11027080
9994406
3141872
9931170
29816849
5824381
11787053
17705065
16430941
19835624
27732530
12221354
29990829
20568586
23135459
12739665
27450313
24050394
7591465
15308149
20545792
17461406
29442511
5166032
7743835
3051873
25069827
5641623
19898608
8503274
2781341
4203533
11535019
8403101
7894046
4321887
16741171
12037533
22178393
609389
24290693
15411058
7332754
27649226
4654545
7465612
24656864
29877032
22145821
18568233
21902965
1072494
252983
13801915
29857340
24624609
4437183
23276737
20112755
11208854
6459872
3636180
11441041
17825232
27122834
3804792
25292069
25980001
18044484
21915696
27112002
28328628
6211224
1417866
2171374
25737127
11464278
24049899
23101162
4919032
8830167
14700357
29640658
21679328
13853434
857668
15575892
11355904
29072397
21982992
23198686
25377130
6652194
1718855
14345861
15688848
6317367
11650948
5387512
2403966
19570972
18664377
3255332
2947130
18419912
21237539
19396452
12948834
6278792
29927133
16309994
11361863
10716384
7207416
8735943
14598279
18413003
21301468
27614236
8109051
21317405
9870336
13292114
16599680
13757477
25605208
7052805
17187895
27592330
16522655
17012338
13155827
8084692
23190683
15001950
9241361
19916087
25298372
22213428
23250634
22648059
12621564
5273225
3011416
12674443
8018177
2145181
26573570
27106354
21689155
26974752
18301389
12067093
4726366
6450421
4561399
10857303
20177621
27997336
2879199
15451688
3870637
7058352
9089025
18777799
16929402
9725420
22912172
22893111
15620324
28886897
16027781
3750499
14597809
752626
26276055
5773953
11595924
16771573
15755615
17570865
22175068
2130793
14010652
25738706
7104037
2196713
13326832
5423544
1913602
18858543
8935920
495076
1526548
19871929
21930090
2860619
6979393
29410765
23289256
16719433
4178778
398710
23427985
3837982
13853311
13414437
3763072
13405937
749512
13722350
28397280
28851467
14536303
27940367
9942433
17714998
8856627
2499004
28679352
12395396
29661958
17215722
5683365
12319037
8156612
22184717
10933445
9836597
26665295
22852727
11026521
17602941
22839579
8786851
26776363
14119831
9455439
4213238
3890912
19918588
13393760
1877290
24820441
6584599
27204431
8879289
9952166
11150056
11297301
20404274
18914290
28621724
5944137
27724064
12385761
23604628
9132949
13844197
6146668
26831742
26924611
20021598
27223114
13374342
4636274
25653862
25528634
13702727
10255980
24029172
27802205
24598169
3475678
21579247
8744116
10175794
20558536
8555407
27341722
12089153
27063009
22130183
6969489
22622576
24859399
16538994
11666873
24746074
17127082
26254822
17678645
19512566
21170262
20955779
7312137
28182620
19534883
14874
10484499
16521467
13914210
3303521
2097297
6325670
22414753
17742953
2828786
23068839
13619873
18272034
18451957
19194279
9260399
15330875
29727911
11951993
18154105
16527370
20095531
24703304
22875158
2415734
16712125
4219898
21107765
10589003
23223352
10322248
4000665
20199092
18258654
4104497
29290196
14815959
3884494
22106779
2019332
16161251
18124343
17841131
15004144
23920182
16221462
8640821
24422990
25049766
5409277
7586292
1166775
6941547
20571493
20658834
17691581
6643995
18735245
20830256
15006368
14467363
10253931
6696784
1176524
27618710
29205814
23306016
12220633
6225906
24990884
12779698
26195560
25641108
26570119
26876004
3451159
14878073
8467974
29984307
14834454
12680289
9181518
13727579
19471256
9180245
29748310
20236248
22420468
12999204
6053591
14002256
4009114
12428974
29760464
1645165
6797308
21772636
25271568
10209551
28586099
28111312
20574983
386315
28033884
26086490
28601966
23560588
13461696
12714432
104760
20580019
5311366
19320705
12191410
443464
7607246
15975537
5936232
23135833
17958833
11838469
5278997
13235312
2184963
27298796
3161020
25435504
8145233
26707703
1741756
549358
5971607
2090416
18840700
23967993
25648023
20374005
19025541
17508668
21003620
9314490
27909446
21387716
3966957
13934690
20672916
18704089
19377009
24225598
21473389
17837873
22835234
8105319
19981863
791203
22182093
6088653
4260873
13919797
22069436
8158137
6771341
7778156
17676001
21983805
7574202
29994172
9128492
13239469
22184744
5807095
12701747
17198162
15518905
3052822
14520677
28570202
25288267
25836048
29182926
1672447
17731109
20047875
20245984
3047369
9400181
18773061
5947311
11710164
1611326
14747076
27892778
10614051
4501900
21713463
3727572
8231441
24977294
4170491
18112601
709966
12321840
6098620
23085722
26929399
10951523
6016233
4420291
29381121
22015268
26815073
1209475
11392714
6155343
1563872
6697141
6456632
22102801
23567090
27145000
12989843
5249077
26168735
17348944
9858016
23801417
4944634
9146911
2784434
21509202
16491088
6395520
19115962
3396233
23029267
26763758
21648317
1977357
9628008
10494217
13206723
7466316
26064718
5230370
14519383
160736
28189208
9293911
6298674
14212551
18556986
12411210
12966023
21822322
1086947
29827581
9407150
18034611
17854957
15493212
26729713
28229459
16131363
8018269
12247980
5567411
1744927
24682737
4431363
10422325
12351466
28006578
2409277
29792563
6005442
23890802
29895115
29380706
20488202
27803995
22651809
2817487
3922145
19471495
7612627
27051361
18344632
19862718
12250856
28456667
6765715
7528879
1688934
8187392
17805198
13298887
2170664
12446698
11488382
14249890
12644798
13704400
22016695
13479986
14064240
29114251
16498519
18564771
1746556
17761573
6855135
4619473
20145751
12096825
17448132
878018
29751174
27135853
15402379
16144674
7957943
8666263
25636799
1783369
14572481
27764847
1501682
525973
18484857
24491129
29825990
11931356
21224178
25131044
21645130
20350343
23765178
9444325
25043352
25667462
18931690
20058003
12699132
7693459
13960384
955065
3801064
24719915
27115655
4291902
4062130
2987777
29332660
21763401
25172435
17332619
18786814
2627638
13224258
29947744
9112388
11153028
4722217
12720455
22631325
19105417
29058145
14258752
2096020
4943403
6881266
9283514
2104161
13753439
24058132
18385777
22442955
25122990
27509390
27896757
17445398
28534255
497630
28218083
14444992
27425428
25702967
9372362
16583378
1839755
600746
21007483
4977985
25545560
10985301
5862604
17695942
23260360
23780146
25832732
16552109
8627089
859733
1622647
9709860
22725232
22499328
18555553
16147040
1774141
23417808
18594997
5417450
18010261
25265502
18186410
9581287
1486057
15535034
10261325
15515699
10721616
3813168
20918516
9494308
14193243
17562437
16200498
4584828
14685212
4812994
25147114
26210096
16065476
4120785
7264305
276444
4094252
9112523
12137939
1217440
5908433
46714
28093800
7469654
27276947
3217208
10014832
23167455
8092340
2188902
18479265
18203017
26967351
16260716
4591693
15437417
28244853
25728480
1216099
9267498
23108788
28995335
24839328
8820761
18439753
29702379
16908082
22058027
3751237
27789791
6990755
11199347
10208714
15665706
4132064
27876590
13445001
7619597
20845198
8658838
8201709
21431759
1466766
16470276
26084205
11461120
17392376
25171377
20863811
23133839
19053068
10205258
1296018
6660335
19978548
27719343
17007653
15288863
13231169
15508323
21854190
21672097
3883585
13306795
11087843
14192847
7577449
24182023
27222357
5321195
5217328
9094189
5488005
26646315
4618934
15815927
2127122
19379798
1223208
14352834
347843
27434146
28223381
12429976
14747367
19539222
20483648
9412270
22661450
11361566
25261073
12629275
26573389
23528498
20673811
12003909
5424839
1423492
8873866
21220503
29262681
5218463
1251226
7829716
17858064
7589297
9600979
15040504
27199846
19586658
25856294
6872549
27728931
26229501
17582679
20450503
4360164
6701553
8039025
6752630
1961804
16645055
22780598
12786768
2432108
15133193
2276259
25502988
20872472
11260157
28190040
1280082
27473277
12741998
17809503
28174702
25145017
24174272
5560926
9248675
22928707
4631207
24643092
20293914
29050866
18841726
22844053
9379157
6460857
28306939
17015653
15498361
4555685
12809993
24123013
13583425
22394065
8356831
2594335
8126630
13851225
7602694
20616678
22907258
14698591
24628116
16624314
13671557
10507964
9785332
22403871
5952189
28318650
18247336
17683791
25172460
1899362
12715282
5129903
8678572
22123057
17226228
25210173
29506974
12352763
22789404
25501908
10397890
29498688
4199082
2034108
16648711
12465399
10738847
1888936
8852367
6966458
24461746
14392839
18405023
4278974
8861013
6747560
7870929
17059396
10709762
5660315
8891130
28471524
25357258
6806559
9509392
10872741
15190065
6432551
18046538
17439439
7495768
17687032
10330965
8457886
17671918
14356984
585053
6947663
18091430
29990334
11202497
23294332
10424929
27919490
18101371
23642037
6932955
17185406
28352643
18866248
11173107
11859814
26438669
461414
27489478
14437480
2361684
27872145
15187310
17844284
21328559
10865072
15708638
13918588
21552564
27759568
15620320
7040250
8007080
25273181
4651804
28167701
2887773
20144342
25102880
12773124
16985052
98581
5635333
17689934
15108153
4898244
19001465
28335053
17675085
21515857
8270785
28054176
28606823
10779251
24465155
19846710
10310806
29085896
3165886
7143973
24115734
21595088
9054713
29830179
24214477
3241060
11820334
20451394
25081241
19568997
7119598
22698113
5442999
29565829
19909445
26386834
6500482
13351014
20646471
22739578
9492011
10778774
25301227
14288160
26536028
10437514
8314688
12701695
3571907
10375867
26357768
14727878
1633073
29461646
14128985
19015286
14781388
6961501
16676094
26900104
9370643
16937169
7820522
29896109
21918156
18212207
4030481
28010017
24716202
10998811
4292854
2576221
7787067
1619831
15665830
1739496
16945517
28780264
13578306
22038294
23106459
4242268
26306203
4640964
25977421
4064147
2128721
8441972
12108091
22239433
16569189
19374639
21091189
11755875
18063197
10983037
15166206
27329998
14571933
19770673
19998308
10378622
8009176
26306070
10414652
17859981
24795858
22465958
2274776
15143810
1246275
27504666
4951193
12893801
6149595
26647157
15298124
27841660
12376813
17929634
12380893
17721066
7425046
27402678
9748932
10000843
19280481
4487278
15678166
8066302
9358367
11628243
29174734
3450600
23030016
29666117
1702257
8903870
6116852
16178601
16896053
16120510
5218268
26831073
14376686
3498511
1390796
24899992
26117381
10188469
970432
21150716
19649851
20231509
11516462
26075552
26113835
28430796
11819689
573986
6061328
18735953
20086848
28937289
2928822
29929855
13817000
14610300
26723650
19448726
7342223
5071113
28526377
15365204
24101393
2362898
23012558
555355
27861208
2703011
2596618
413438
20091663
18471180
17138990
3174927
290947
22783235
27558964
103784
2957972
20005799
18298358
28899062
22133250
5582112
9823487
23378966
19995662
18848820
10446500
16365964
25661803
27191941
2805639
17549393
26336280
22847683
16207852
8504289
23693379
14704506
24227869
28831805
26494459
7141510
20623734
16860803
25004657
21658130
1348835
6096277
16113189
21731479
24995904
10684473
1050913
3724855
19578688
3698781
7377740
15968179
6274033
26455580
10687258
13523572
1634557
21266978
12808581
1308165
637011
22741426
28962310
21925491
16970702
20391923
21995443
29015512
11596640
17909006
10156965
10211362
29885518
11446384
17153340
24877365
10801219
25134413
9515389
23691660
22479893
27359961
23321609
25110672
26692113
13281293
5369890
18232941
25915038
24349558
3862313
28638079
28753667
14973415
24387835
18316317
20568950
5068915
5297657
10680783
3793064
10238233
15902174
14201474
11572792
6571206
11274924
8580141
24590513
11693899
24527258
7179879
21954352
9002549
15916715
20597203
28248582
3462371
20049673
6326330
16162125
29324735
6311297
15236054
25820303
3503378
18083365
1343322
5929619
10173658
21938138
24154011
26577385
16359916
16123780
13368449
28502223
3420264
552726
11786458
22111119
1926638
15079233
3986483
17639948
2619774
23176660
903617
2345131
29887067
24515155
25714270
15959323
21802109
14911863
20757569
10089698
12539134
18869945
18940014
12170452
4205048
8997905
26620639
8910647
545495
20705154
2710336
19916756
27632856
7290125
29228009
15829756
20799351
14170919
12160137
18465030
2305329
21719652
9759631
13402490
29906654
18393242
4677371
18121018
477900
13193275
17878868
24652482
27501840
24429353
24158354
2901925
11082207
15089831
6519722
23773284
23241749
4173732
21775944
1888921
7923915
3847411
21600998
12661370
17884266
18496327
6776468
26445086
28828468
5465117
5518597
17901908
9991709
870343
15802438
220531
14027052
15926006
9891367
2307404
21329750
22887348
4690690
7052315
8347238
5058222
15060862
26257774
9108343
5824285
28451199
20921081
3164017
6947809
20980457
18676147
26427228
8055162
20352892
9947930
7403927
24756787
17520016
26764100
28537354
9767882
25670592
693518
20293125
7592269
9942800
19639582
1268440
24285525
24501820
26722821
22347018
16461
3677745
5715529
21201843
25547924
20838097
12015620
10921661
987434
14506309
15505285
4377712
12948521
9836699
22390590
13524619
601220
20212615
2059550
28261163
26153316
2843731
13116852
18761863
21437187
27146889
22715417
1144232
7284440
19715253
20508410
28327461
11429879
308867
8207962
17438668
12560710
5535853
14798712
12662443
11300195
27475380
3043386
7404928
13122133
7466831
7138072
9492074
15553943
24167913
27676630
25429960
12501018
13438106
27873842
2516175
10026645
117231
15070327
4319904
8895689
4462587
9361403
15020841
22528925
3440332
14233829
10237272
21742902
18738989
10542599
2521790
12451913
6199838
27715379
1238985
6065479
26057676
4893432
23958648
17074295
16664768
25450497
29886973
16194713
2897950
1225355
21006092
18372216
9250572
6305608
4637562
29752692
23911697
45632
25231972
12254164
23343371
6784466
11888722
14015394
7798189
9337632
28612630
1465677
5155160
1563779
8124126
29871896
24274560
10659788
8956921
7499755
13481292
2840735
22812378
12067998
24109702
28119652
15468099
2188297
25043334
3191298
27415366
15317150
14240230
29027322
5196308
29613220
28939418
11599273
19777523
3300970
13353736
17687622
11564441
10342054
21495902
13085519
7583266
24503368
19923899
18355299
11237276
15813794
28623696
20526655
13003805
23879461
26689154
4325159
1654336
19968998
5991030
19723632
6270995
25806770
5300008
21839844
5558988
12460816
18449911
6629377
15829495
14665199
16193992
25139010
17146470
22767808
22679062
3169099
20940822
29157462
4516031
759933
15135288
3258137
10791658
8640719
9268777
4037832
16158030
6444651
11777737
17998676
29835399
22299374
23513623
25691982
2050232
14055262
15097369
5848284
24578503
22232882
6800304
14214942
16224557
11988749
10740391
2237472
13585235
25945160
3881650
3372189
6215056
5765332
3458788
10938690
3826228
15129780
28703704
4937903
27812099
24247551
20082982
14678343
22641864
3158919
17386589
29010750
29642598
11074931
17484804
14017161
27505083
16490807
10245859
16034525
24099329
24226647
24317628
15531254
6475609
17050828
14368430
17957086
20788393
10428529
2783185
3657134
21455134
27263799
1406101
15227835
4012489
12332823
11450467
6760891
11750573
9413152
2964377
29728402
15188766
23183542
18332646
21129621
4408346
11655362
17761086
26930194
24909051
28236248
11681806
17117460
848434
4277960
17644679
19086888
12798850
23573780
17109976
9301167
3160268
21098925
20540538
21321677
2731893
26235056
5638534
24309876
28258675
7072060
3473487
2619519
17506037
10582329
4185657
10498306
22625639
19469563
7149047
3182460
19710110
17831961
17003472
9192302
24261612
1793647
136930
21581646
26062966
19490088
27396755
1066958
20964876
631399
25908404
28314392
10306156
10567541
22384894
16349143
7608274
11997170
17991398
6496658
5406538
25768734
5538663
9951393
17555333
20203146
24457451
22733407
9723942
5512044
13492833
17752546
20716056
14236626
7341895
3427483
2380129
22848963
8821550
19219097
11843408
146666
23405357
7945504
27797534
7346012
22101808
13141701
9588172
25101044
11934993
15338730
12100365
16426109
24552026
12829917
19164884
20217701
8556402
29673665
9934282
12051604
24956328
18463200
13076694
2446968
26374454
19308549
17689016
7702428
26081674
2793019
24028890
10802688
4805301
22797577
15018628
25866480
29666190
29019588
16809698
22888972
6392762
21024278
21557622
9482200
10753031
2035437
12465744
29415101
11694646
21498875
9283728
16821358
9586732
13760719
18295054
22554797
20924125
23332395
982879
28391166
7394641
21385290
25054887
21971713
7178300
20736335
11354500
18091455
19723453
1476231
17563359
793251
19891565
10413827
10215476
3269770
27367454
19937628
28420368
4802082
15751105
18811904
977046
23650034
10181993
2909825
15313034
7461068
24268912
29829454
12979049
14642436
16166476
28241277
26502185
28328964
23447686
5068159
23325456
4165906
17240018
17509229
23172991
2549609
25419281
16340090
20651739
15994927
4268279
18262470
18054248
6475093
7250575
24193083
17510551
26024131
19246973
17450975
25190910
24669278
17155766
20933270
24261474
15467359
4685216
2346572
5043928
1479957
20355695
19191106
24092534
17176358
25140902
24444753
28017857
9992328
10748798
627424
15206445
4344331
21266336
6880618
15990418
8425945
16410860
16984192
24306274
7699324
8545307
22827224
4548635
5110173
28486224
17631416
2960829
27438178
2684858
26298589
8429085
11456382
29024826
5616427
2518910
21889471
19350424
25564118
16897667
10431603
13451736
2369391
27522508
29757335
2665747
3236738
29068590
1919742
25399846
25885966
4629130
1697764
27330782
27554208
20171840
29176250
17032741
12303389
8002934
15171787
11933777
3733513
25753008
24794456
19749158
11070866
19686618
1027827
13448615
7973826
8152133
20341863
8698270
6992851
21951372
24316767
16919541
421601
2835872
20296558
7378596
19200026
29241541
8287065
16875327
13704381
6857163
158594
8676047
18898473
18480080
22582934
20832265
8468993
2265049
17120629
3414363
29266172
16531820
3270471
18683129
6148346
15557317
12507009
24821660
29877122
3083680
25069177
29450371
19393444
8196764
16199757
16502167
16358520
7295835
1771114
26252722
26357903
12600320
22292896
11977425
8794829
10315470
14670764
18299038
17945306
2276821
908883
11417945
9834096
24207167
29889019
24867084
13632544
25487387
2198697
4254689
9594158
9055217
18120124
16580864
19217185
8501531
10557583
14298332
13361668
6208982
19568564
19505948
23218900
10128675
15533300
5346211
15675646
1523301
3327582
12208051
15022671
17429030
18240464
23053613
7300270
23141497
17371280
8432030
29824248
13590725
19252534
29462387
12355469
581290
29194904
3947305
701331
17674047
16604259
9249057
18640544
21179660
8225379
2292755
5353630
2684136
23987731
3427757
8602557
14054917
16525689
15908229
2313310
24889834
6956894
6793405
19984206
7549276
5571567
22384580
5649136
28122591
3073796
1956106
29102329
22097107
2046927
24145407
14561895
16861318
24298999
6367554
12395468
23288799
21674238
14568224
25496599
18999093
25806903
11647177
13409710
11203761
28907621
3246818
9719569
2654356
10308606
20824172
7195391
15626369
11850757
7282928
23937842
867688
20704566
25260834
2188534
28280989
22158961
13652208
20164620
1914191
29304665
22189161
14266229
6466104
24480842
28234121
6189981
10186541
23929620
28283945
2557348
19093569
28894511
18588193
20783445
7536530
13486948
22556367
5374167
13366037
6027949
22256149
20849835
28329523
22821914
21643493
20599655
16916172
17418964
2243516
5753283
10740934
9811806
28544336
10653983
6237814
6840638
16588922
4588740
23462290
15775638
23895476
10325404
19881122
24256522
6991143
25990032
22880959
2538219
7677350
14320457
26964615
15822733
13020885
19842432
4049928
11309072
18552343
7944965
16341506
29600987
3808010
8895570
4298946
10843928
8458491
6251126
19331527
6452372
25126599
6674934
23265616
28649546
15303791
26753574
18289815
14289610
98163
14305744
28669504
2770385
9046886
24264165
23528072
2354759
10423409
7594826
7922041
8699672
22563240
829164
11426994
20125942
2481443
6795759
22559656
22193054
19048948
7583622
27999470
27099136
15694915
28005874
10577277
24758324
27302067
15466503
5985702
14386201
17595688
10579868
18549727
29086440
29020162
13570804
1498076
22622435
11578958
15462360
15055276
5473243
7507708
2280728
18019282
15240149
8435182
3956931
12355518
13000175
11547048
20431991
21490278
4310123
20470923
16028122
6826803
9335399
6057532
19495388
24865105
21780983
24960300
672033
8721102
21003915
7472795
16219236
6579519
15988126
11612582
24716160
9711254
1372298
7048662
6690125
6434552
3801848
16587463
4263412
18840295
9107073
18649891
19073672
11624283
28917687
24605887
21446356
22110401
28574237
543845
8219740
648929
20632781
20448065
14695886
10020775
12032340
28872794
15134132
17416633
11421977
28866251
13169395
8694782
21266007
21708589
9783881
18102768
19680204
25097221
22759266
15545725
16093336
9996879
26317708
8989145
18041018
26568084
2653117
11106213
26359665
18259573
6522065
18748859
25533710
822513
8136153
21680314
23649762
6292387
16526366
25314772
8644214
24749268
26586708
28498444
28251215
4648984
5090755
10532502
17415602
14190120
16048069
26084239
29521176
9736555
16846257
29147789
23140223
11084175
9803964
22213850
5413137
4029561
12252591
9820546
18557682
22296506
16667416
6928223
29744708
25695917
2711031
20224934
6240635
458128
21043777
21261484
9686183
17895996
11064105
20987507
23992245
19453243
299271
648511
8221060
8720354
22770390
25966378
24583300
22824376
15435083
11441052
22346434
10617444
19537829
24578341
15581033
774618
556910
3095186
8897024
6706346
14921920
6991806
20807147
7099917
1241743
6007106
18819040
13037814
28536907
14629914
23165322
11617040
23607525
12769340
13887004
10740578
9135855
29058170
8554417
22618980
7194052
18249394
16706268
3019429
18078586
1721018
23909220
29512742
29976554
7446069
12241922
12775581
12059292
17981749
10647050
3946371
22526098
16143618
22801861
18146907
9203530
17890452
23677879
18510060
21285130
7473838
27969004
11032715
16321227
1205894
8313926
22891717
19200280
17647609
16801943
10853559
23604751
21270947
3223775
2907776
25180817
22000050
8106011
6040118
23751960
27870622
29119234
17716486
29581876
13183566
20966582
28078461
29351708
9462684
17249407
3856808
24495905
2779433
15140461
8646681
27267225
2613241
3424640
18001460
29370063
23958590
12819454
21861271
24761133
3243826
27827251
3561320
16006964
13880864
2597566
21754895
6149856
7471306
8933451
2383390
17469921
7803848
22092114
613139
24175795
11253877
17825401
25081073
17018348
21784473
2056401
29449203
29232628
21127096
15506287
13595100
18435274
456039
3951541
16404403
3492603
8462862
1365903
23819082
11216322
16975596
766317
14580500
15694169
7589727
14935578
11385620
29411210
1648151
13175344
8856985
11661114
26499914
22422708
2112411
18931681
20712966
6248531
17803651
23336234
24250256
22239911
1495342
20195766
27243533
15192440
250056
10849818
626485
13436179
24374036
29224329
4009770
20477489
9078488
26087535
7981680
29205813
6957256
27520366
19786320
24605109
87985
26161500
26323091
29578750
18115422
7387328
9418506
28691641
28420580
3065095
25208097
17973434
23403622
19675365
11101872
23349628
21671181
5560640
14441105
16477910
8054448
17969817
24533753
10941428
11770436
18092239
12870451
18848137
1100004
16041057
19322131
5342267
17304083
8627143
9990274
19850957
15784028
4867893
5994667
28536259
17947926
10065642
20140512
7062511
6174817
16238660
27879706
1520465
6245448
27567407
15837866
29547161
14838441
15420100
28835999
952521
2419605
18101053
3301855
4922269
12309388
995023
14884863
17845523
24873356
9239134
23277246
6032162
14392175
23115718
10599343
14799347
18786425
194000
16662548
13663344
22213696
19751594
8843864
6351531
15743630
7250070
1217242
6191621
3585027
4981110
29710446
15511711
17821013
23118850
28680531
617382
20577420
4293383
13814097
12093432
13398095
28591906
16704207
18954258
8752254
22375423
17427470
12089725
5721616
5261088
15450538
27109983
24368402
26214162
17302939
11485942
20399479
96592
5255050
5070373
13210894
26228903
25798716
26286488
15544623
4722343
805738
29834668
16666711
4323126
10589969
29999354
26209580
24434909
21420733
11651642
634940
21444333
25648281
4821302
26005568
13281891
24198560
14144459
20518838
28446789
10807351
5821565
28132501
28432002
11220901
4006370
19270425
1189785
26839478
9771549
16990126
10551989
16833932
9497848
10029853
24342927
16634122
11720885
14864403
3954140
18244667
21453621
16467217
22497016
22810652
5852636
192339
20233335
2878308
28109048
8873915
25719824
22649425
15076578
11398080
29092586
17067998
20522810
27446072
16736141
27839925
14114962
16863569
3990089
14525568
5387347
2831297
4782905
6748834
14975860
28454101
25401823
18433732
7867600
9233923
29305849
26625752
3556208
29975000
1247142
20700882
15055489
29464771
6038224
5755919
1589376
9057477
10339117
9656580
3747266
29254749
8255880
18129701
28619795
13474974
3203685
2614765
19858772
21395809
24925813
19399037
16750691
8671315
15524403
17177088
10821
3351435
17796237
19584712
27916025
7667401
4973314
28766446
16119509
17330008
7220328
17324573
24111756
24994446
22244546
21725394
6302910
196957
6638875
24241860
26133828
28053596
13803505
1455456
23405742
915114
22132384
13711932
29201187
26634473
29572790
19943154
11368663
10333131
26523626
13915355
11938066
212849
5775703
13595714
3462495
8888620
18293912
26380715
4524445
28745583
22040460
3816679
5996520
9884685
29556343
18826355
28636510
26006015
13802472
29262449
5298813
13587926
12554288
1013413
23162012
19193595
16399707
19342438
13859750
28467767
26813592
7927529
2284937
18141357
6143060
2889501
19738730
28892772
27021923
28438534
28987966
6005839
24408968
29945638
19130229
7023499
20820657
18437449
10282703
28243832
9639511
27356414
15755461
13919629
17055873
11398654
26641824
19170309
20644025
26755012
15505764
17975070
12425276
14135039
21170790
25974105
7217700
8408665
13020788
18665645
26348438
23167993
13026897
21547220
2793842
6669588
31130
10129394
24361825
7933986
29901702
23880444
20879763
14637759
28378813
14335335
13212675
2323824
7929291
27596144
16549864
10783553
9859345
18227453
20404004
14342417
20754921
19692663
5344046
6634574
20166328
9528144
26228753
18722281
20350043
28738057
25368193
7613353
16235423
13924612
11394732
24401648
29652816
3611763
27974471
19001878
19383941
12471583
594787
8716920
21542819
2355189
18161292
21491943
19616584
12525382
9303560
8760208
13893904
5416080
21242208
26483056
9510201
3569477
11441106
20957048
23922279
9989489
11100045
6913521
6043296
26687443
6796461
21094292
27753148
2716426
16956656
8494107
15731808
28600780
1901047
18979638
26175500
15685095
6821161
14900969
28924339
10386964
16709706
15683402
21933437
28005769
10851854
1147545
15067636
776375
14095339
17498530
1970436
29895360
6495479
5385922
22068046
12164190
18233643
22635686
20112565
1410081
4695630
612626
15404111
28450781
3100320
14370784
28038954
17712257
6270764
2926047
25382948
16686006
7924426
19892658
22786971
16169322
7811474
22179836
21238898
29339610
25349535
25323598
9828589
28783201
22975228
27735286
2020314
28641895
29982308
1957550
839337
15908023
23909011
3532128
14713674
933616
8212126
26746159
1621328
3873536
22364948
27603025
27126300
18551375
13064364
27572550
2139797
18659830
22976320
19694758
21599313
24644625
8989135
15477920
16935619
5372685
23503107
15637875
20862258
6542700
4935620
12719333
817756
7068979
6036068
9944830
7657958
24202369
1669385
428337
12788754
9695549
3715926
4020223
16549121
14589438
22301157
14222003
11522488
9391592
10060033
16639418
23649099
10918934
25140493
23280358
14884917
10909234
9048113
17660781
18886547
4959893
126648
6486659
9118633
29649324
1813502
4304679
20641224
29638947
28700696
23248065
14667787
21390461
21170785
2940759
17167213
15079186
5582354
7908496
74065
10526627
3355505
2436962
10236873
25850983
19958886
9617924
23167388
23143012
4034940
26316961
9796338
28358357
9672823
11131915
24214530
18538987
1966643
14047048
7126669
10789461
20837994
25263167
10455290
24842154
25694431
620703
28846010
23723201
12136411
3571614
8428104
13394632
14546892
28094272
28685886
3473663
24566482
3693523
23606154
11601162
7439761
22560656
27778604
3135060
21212825
7155841
11223089
6788234
7224688
21334299
3853669
12938502
20265766
5151049
6488261
14389545
14743463
29130793
22491502
29463420
16645023
21237595
20721204
3018554
14736645
6665150
7701693
29287379
28846662
27003038
29052687
29978349
20832082
23207351
22759001
21929703
1138002
14277749
6035422
7320287
10229862
26792270
22141283
18157141
21825493
4972497
1421300
17054953
24689683
11796715
5334179
3497744
3968698
858616
12075622
20154821
26039007
20268800
7518091
7362618
10202131
15663893
16067146
10991921
5552859
9314447
19875343
16338920
20883371
20540537
24408353
14264955
14062917
23811990
11528668
28775765
6476035
15727005
15389744
13678655
21279626
8411343
3625326
16797467
22181372
13624275
26537632
16149011
16850850
7887837
6696558
6305275
25011683
3547620
9788629
2642017
28437904
3598083
8336989
15499524
27691647
14789599
21444793
28091778
14783588
26788302
6882279
20357460
9244623
2607899
9492118
17243667
9667529
18282897
6733012
19523120
5458295
16688531
508857
8598049
10808586
20153931
15466604
25079159
21420640
24769060
22095209
15629707
23372456
21963264
13600945
20731773
5393683
11080026
7756329
24666334
10826588
14877333
1197451
29222364
17177717
14706122
899416
15718865
2875348
22187271
24493124
22469482
3334979
21353290
7795020
25589129
3859600
7839280
19147440
18099915
8203205
12450557
9336149
137671
2513351
24851021
24628134
11844761
3402703
8573536
5490911
26500571
7286522
5375934
12740527
26118721
2015487
7034698
28961583
6817685
10716407
10151504
29475218
21420021
987544
12617085
3367767
20529423
25916304
27842630
23489130
12408309
24981856
9149424
25682223
10312731
1632600
6806065
9619591
538625
9678429
9254920
15256473
1486754
12978120
7115535
7068742
6141705
29110573
5778439
7982237
19994970
19302074
18284757
13539867
25478546
28207654
26105750
22826565
23013165
15244478
21578975
24513205
26768438
1685024
12807489
24324119
23263575
14770141
18200769
19445903
16002722
22446669
12394682
25051576
7144976
5088556
2601212
17169831
10718280
27515034
791655
15510628
17812363
10037805
15361127
20646606
2131518
8550436
10323473
19031275
12880237
28679756
13728793
23871420
18210666
19294850
15466776
1040302
3101875
23930026
4061213
6212
10498242
11570109
24748433
6148550
27954702
24072998
11588002
1869867
3589514
17424140
8802946
16978765
23530142
8920290
23551917
7290890
18445048
6824265
19479360
8471788
2804632
10987086
8960579
18745038
6161300
10666112
26888726
12049260
24754485
12180462
7729950
16613090
5548457
81624
25176714
14491947
28742972
3032018
3969995
1271118
4751021
21670712
11788519
9431223
10845006
14004680
5521728
16451593
11014980
26464850
1095865
12828509
7010647
12456439
28278519
19902705
17026502
2953888
4839371
9039050
7499328
6331751
19610343
21832705
22685068
14692290
19833391
17272990
3217074
28903193
23341666
23687505
11052889
18201050
2122094
12896621
17737477
24042886
22972421
20693580
10778853
23498969
3249221
17434502
13390251
25167505
7021091
9147750
23756819
24633412
13093322
18342507
6541473
25971609
13067756
4997387
13344958
15091080
12084730
6199635
20675037
22107974
28781713
9709274
1444186
18544773
21498110
27247294
9346959
22699596
5341674
20717474
16393054
25444046
28223803
3134336
1115413
20846252
3667481
4954472
21578236
3971071
16870360
21004466
28815727
12286015
29416851
28522589
22594143
3604103
3428500
10570695
10613826
29192976
4836993
16920689
11860922
734908
9837012
29134435
11629515
22081048
16708029
14035156
11849217
9876504
2394807
10560710
19630924
12607920
22397461
28476815
4245016
13301156
173789
22616095
22218711
25317634
12754717
13762101
22476065
17534341
11114792
10821098
15615409
29374863
23703973
10738773
6759896
9519564
19223146
17955407
28279311
7658435
27071650
10695857
19456815
14662987
16972052
14154075
18240405
25845157
19178614
6234274
3385544
19963007
293223
28318256
23459861
25351150
154933
2608452
9025467
11725382
5283309
24888887
26566879
7861970
15853938
15425397
25325233
6262854
5641590
16957673
19371633
5306997
9497115
28321108
4903901
21653343
5423188
11033858
15626530
21940631
22561953
1298443
2548801
18992239
25812254
9870929
11407645
23100568
3565605
18642560
28232639
18648667
11895192
22534642
23171846
11800239
3290171
22142021
17995441
29994176
3601869
29895356
21911554
16102114
28092007
14439363
13322864
25939373
10037050
22597001
10322459
27291761
20920665
19650098
3486811
17264999
12944060
15688725
18870734
3943899
11190499
28329610
23399831
29998123
2064618
1665135
24289302
15371347
19161994
15722301
14764155
26914162
23914325
17702447
15521232
2859171
15868106
12317696
14841920
25247603
15275255
16600399
25678593
23265936
29452020
24180627
22961708
19250672
25434522
11281274
2624115
4206854
14386861
27539174
10178289
14992918
3798617
25562357
26705551
6199746
5626383
10617941
25323593
16200524
27257923
16909050
25288799
29885119
17373926
25967265
21542044
16193210
1943934
26791774
24443545
12985481
8457171
4692365
18186014
56782
16316977
14344095
23859380
13864180
1765111
24780177
7109919
3007699
12633842
10658987
12493423
22993317
8267855
19458168
4828263
8662979
29758243
24625192
16437825
26266763
10767043
28393195
12730432
14162528
212249
22152321
16546795
8237088
5887344
26700778
27716470
20040143
23708342
23453986
21575445
13711884
17789690
6956206
20436790
9661086
3558750
1142978
1257632
7608150
6278160
23637975
8728014
12426446
17744206
13104861
14873163
9754781
9233579
9748979
22814164
11209495
12230333
28019252
18420105
2648883
20002141
13925362
9010450
4962768
27926060
18145202
26449015
13468519
5939916
10359209
19996160
17269123
5306911
21963006
27589624
21412582
7127942
7514425
28901981
1155366
26900594
2391503
16329986
24312558
13805421
7202682
18533769
784662
24151362
26613521
26944413
11201515
9108978
9400783
18114834
10902248
25640933
28196698
18751262
1944278
26163616
24847513
9306783
27690198
23556453
21273600
22710050
16850073
15532012
24685518
20483085
25981618
22469561
19121299
10139672
28902031
28595136
26368125
5178696
26906413
23754968
5455393
7098258
12852152
22309117
9066088
21502689
28540764
17968271
7870172
21171404
19184581
2690209
13383437
12522088
8027505
17891727
13908260
10422273
7960922
5117628
3319177
8735107
17081070
18753100
27107749
22586135
23638255
2742919
2467640
29790925
1603579
23080713
5565336
19026208
9652275
27929133
16143387
18651609
23462303
22495514
12379799
25217608
17522355
20075127
2618585
5808971
1417079
23432142
13286198
9791177
12872924
29744539
25489478
16862161
29805783
23878111
24566464
22560798
14448209
16598591
13920270
19872733
27299698
3000781
5665480
20499099
15372865
25193979
9883267
29527682
18994779
6479615
25277282
21720155
11285188
16330810
332778
22942399
21024797
8053322
29622433
23345235
21125389
21926572
16640403
1978371
5450582
20019194
14642708
3055470
9967139
21436980
21267206
16731518
13903892
21190164
3747805
10778878
22365095
25198986
144317
26595786
1896674
17144818
4267284
17721268
26929193
29921897
16159961
2773478
16906957
5955118
23594723
12169865
22042655
6022708
24544903
26522850
3263688
16107977
26427617
757765
25600607
10979756
13646957
14338665
14859266
15454637
1348676
29183545
17020700
20951974
21442206
22223859
3469998
24796940
12243383
3538955
1702291
7292805
21130218
28957840
1039192
5894744
27261450
6788583
336719
16530564
26569526
14876491
14702502
766149
18798983
25604995
27357560
21150487
11119179
1432070
21201127
7417453
22918072
29748213
13335733
5062225
18120280
28905044
1540825
27760164
8358018
9034379
15127760
22890755
6916640
29705504
26796200
23210087
2347409
22084131
15373487
29948523
6163436
6505730
4396733
29799172
7307718
5771745
19923176
11397132
23566059
20351764
12473621
12658211
16768917
6030927
23810651
13793504
9433859
26403357
25497639
3778004
24049613
9232715
9594722
10511063
14820346
22739298
19773819
24253925
11261917
7315483
3548393
15091517
14059675
5734930
3966775
26374979
10859393
1056923
8161093
22481651
10132258
18337889
17683350
13339082
24696024
24924820
24273135
21713742
28386102
5357314
10988385
16937365
27557033
26019161
13558498
18946177
11812572
20210729
19112451
15959910
4042177
17121750
20166105
8098300
3757666
13033339
21168105
5673458
5225853
2341298
9055246
20719121
11168192
8376185
25946962
13819396
28227985
29660005
684977
25703552
7698244
8556184
11142009
14038527
21993382
7902502
16668067
28322111
11419932
2241706
22383083
11859475
8205163
13922305
10338263
10906679
24965506
9450747
1368925
27324890
4712495
5995765
19423894
20439549
27748713
17615001
21893220
2020251
15258281
4172337
22524885
24637236
29830198
18656484
15121773
6821924
13614571
15627889
21457476
29890723
24271646
20404578
6160878
17816445
24034134
15956157
271862
16757000
3216821
24026748
11913334
1674198
26005710
23551305
11361295
23764888
8785021
25675919
19034709
27980538
15102217
25117826
24493659
12684298
13490037
25054606
2394210
6792677
23752737
10361088
28105983
419576
17391682
26403245
5758393
2659884
29830834
2424751
6422029
27180759
13846065
11553488
8637029
9750357
8072249
18339317
5525687
26952309
9537946
10226677
17885227
27646893
7233064
17535641
7261187
2426015
18437772
9723052
13469264
9488642
926049
7969682
11638062
16212467
25221658
3600476
25897437
22269039
15772916
17772080
10875686
13454495
11193734
17183550
24014340
666232
7769290
27973665
4133819
7842362
23606952
16991169
13819952
16720154
28502247
9645242
7330457
22815661
19857220
113546
10475401
25360902
26320249
26636160
5662885
5345662
9710089
18025067
5720058
16586148
4560468
5347841
16978091
15820689
7025457
315546
24010724
1425315
14696934
21475800
18925004
23640415
26528075
28473112
3953008
883524
27293115
20653712
17294607
4184543
13631816
10036938
22981300
10813071
23225752
4860504
6114632
18607127
19101921
1455340
17908916
5404356
19264355
13191513
28225914
10442745
4995179
25459019
27852759
7329104
19949662
10765514
1819233
20646491
6944391
10591539
28995155
28043998
10971396
23580438
22203046
15233562
13834225
1981968
1644459
3052681
16713500
23790434
6955963
18368706
6416303
8070675
15723166
1877517
12226326
13072803
8333882
24738773
14843583
24749652
7286087
5864933
1239108
5612922
20497628
24024413
8883956
8368518
15817715
23318368
14114374
4541278
29518938
13527539
28640682
22325174
26258923
4867515
23022945
10989691
23220290
12248491
24633150
13569811
18495445
1721573
25893341
18380278
9170266
5131678
25241531
4131248
24731600
9782549
29998938
17085187
14415309
835577
25508877
23755756
16838898
19343867
3553450
6968054
13264748
19856954
3544097
28338659
12608445
2002640
22215521
18791955
10835080
15042884
26695353
18060602
26027485
5556567
995558
27720265
25497030
13695157
18203518
26129843
21549505
21551490
23283212
9202923
5482118
28129692
8631057
13578354
3507165
18469143
2642946
23856570
12195462
8541210
19667617
19273691
12946316
6534755
11613616
28060303
9017993
10761202
667731
396031
29237304
3475753
29133029
22814709
20371606
19872541
8541310
24912917
3783979
18751336
23077678
18151945
5301043
11708816
27761211
22624858
28094865
5262379
9666981
10042627
11519454
27504067
17976797
23665384
11573249
29076749
2763559
11480911
26560815
8863080
23017330
3132434
6024545
25964939
22833757
20461627
2831944
10640425
9092726
28054464
4400181
6506490
24398326
931602
5992529
1785088
1743139
10489050
2995863
20245298
228885
11054929
8199362
18270035
1173334
29815041
28612809
28191151
14974752
11488746
18931813
20670074
9219586
2170203
636349
7408119
2472338
28431115
10499159
13789991
10369276
24156046
2245066
13144985
21272652
15776561
7375086
27303374
16090964
17050354
27990761
14994545
1661431
25345679
20073784
19720852
116538
26302279
27057308
6271162
25585157
27906695
9112756
13148067
19216513
26213938
8422122
10280055
9411473
8370618
5380889
10980121
25219542
1672452
3922971
26499609
12454617
29708637
27503679
23551112
28807156
1959593
191712
4178498
21116255
6000256
24192337
18662058
11460931
3575162
19953355
10166986
17496612
11388130
27307565
5481627
19308157
15702845
1036555
4508716
27493827
8755658
26592653
18540070
23828793
22247541
10795731
5782497
2364400
24371516
458892
10340736
17165864
9936660
25030415
15221283
24168051
4759475
6750853
19616249
28978058
26939570
9678487
11390251
16792904
24462230
21127865
7219847
14961076
23241968
24686002
3562697
19311517
12790410
26711416
18888871
27907845
6803303
11036
25871949
20847479
15025236
14656460
13905582
7855173
6945339
13560223
7964796
20570145
9851504
1843080
28035773
9277808
14108334
18114505
3258129
19807864
24411043
11996343
25871798
20619234
6044987
16116467
26708093
21754938
26073031
25411564
28473784
18841163
14865725
23809578
13265658
21792388
28365178
9477132
2973960
8860134
25564001
22952415
13712488
26426854
27895257
12174291
6380682
4156742
29742279
20173242
24123841
13251577
19154861
28102548
28252473
6586565
97684
20780018
10563920
23808401
6253278
2824405
28920047
988468
5008027
16482083
13765679
27952146
9439838
4673257
12970714
10006653
27311737
25198808
4721545
26676844
7233687
2464773
26101212
18960326
19027168
10188289
24310151
7119170
4721864
6394161
20142975
23474589
28867717
16434424
25499268
21561196
19557795
6325670
23140376
4215627
15700400
8059880
12873258
1788499
14179080
11489996
4328239
17767876
23734093
24271335
4608956
11252783
16230039
14329527
6271666
5451907
14338263
15454497
6973053
23198101
15075164
14481291
25596845
119130
19614723
26860886
8274518
4677389
6969293
5852667
13463365
14070056
1879975
25382893
24274933
5163073
7627946
10449058
26405363
21756085
20047555
2378632
7505523
24456532
23054222
29967382
17244742
5082659
20123434
10546687
22749787
27749666
7871777
10812902
7423443
27865040
20999664
29730367
15297428
7111049
10519242
19641564
21009220
7437621
9910122
11945948
20655981
3472755
11513079
24768735
23650082
3834420
14107240
20988213
4622401
22723533
28438300
22533703
17777265
859374
7172606
8096599
12455050
15795733
8102033
3463737
23392655
28118624
24902359
20320696
18946953
22795751
12670534
11596913
18652471
3305570
27461862
10392463
6566040
780230
21340565
5448919
28074282
5528773
10238741
12509559
4911016
6924616
20513293
15209875
8145370
2578432
10386181
7321311
19602147
13018912